# See the documentation on the wiki to learn how to edit this file.
#-------------------------------
[Trainer]
Type = YOUNGSTER
Name = 布雷迪
BeginSpeech = 布雷迪
EndSpeechWin = 我绝不会输！
EndSpeechLose = 我很强吧？
PokemonNos = 0,1,4,9,10,12,13,14,15,16,17,18,19,20,22,23,24,25,26,27,28,29,30,31,32,33,34,35,36,37,38,39,40,41,42,44,45,46,47,48,51,52,53,56,62,63,64,65,66,67,68,72,73,74,76,79,81,82,85,88,89,90,91,92,93,95,96,97,99,104,105,106,107,108,110,111,112,113,114,115,116,117,118,119,120,124,125,126,127,128,129,130,131,132,133,134,135,136,137,138,140,142,143,145,146,147,148,149,150,151,152,153,154,156,157,158,160,161,162,163,164,165,166,167,168,174,175,177,178,182,184,185,186,187,188,189,191,192,193,201,203,204,205,207,214,220,221,228,232,239,240,252,256,355,360,363,434,484,488
#-------------------------------
[Trainer]
Type = YOUNGSTER
Name = 康纳
BeginSpeech = 康纳
EndSpeechWin = 输了我也不介意
EndSpeechLose = 胜利真是太棒了
PokemonNos = 0,1,3,4,9,10,11,12,13,14,15,16,17,18,19,20,21,22,25,28,29,30,32,33,35,36,37,38,39,41,42,45,46,47,48,49,51,52,53,54,55,56,61,62,63,64,65,66,68,72,73,74,75,76,78,79,80,81,82,83,88,90,92,93,94,95,96,97,98,99,101,103,104,105,107,108,109,110,111,113,114,115,116,117,118,124,125,126,127,128,129,132,133,134,135,136,138,139,140,141,142,143,144,145,146,147,148,149,151,152,154,155,156,158,159,160,161,162,163,164,165,166,167,168,174,175,176,177,178,179,183,185,186,188,189,190,191,192,200,201,202,203,204,206,212,214,221,231,233,239,256,258,357,482,552,557
#-------------------------------
[Trainer]
Type = YOUNGSTER
Name = 布拉德利
BeginSpeech = 布拉德利
EndSpeechWin = 嘿
EndSpeechLose = 哈哈哈！回头见！
PokemonNos = 0,1,3,4,9,10,11,12,13,15,16,18,19,20,21,22,23,24,25,26,27,28,29,31,32,33,35,37,38,39,40,43,44,45,46,47,48,49,51,53,54,55,61,62,63,64,65,66,67,68,72,76,77,78,79,80,81,83,89,90,91,92,93,94,95,96,97,98,100,103,104,105,108,110,111,112,113,115,116,117,118,119,120,124,125,126,127,128,129,130,131,132,133,134,135,136,137,138,139,140,142,143,146,147,148,149,152,153,154,155,156,157,158,159,161,162,164,165,166,167,168,174,175,176,178,185,187,188,189,190,191,193,200,201,202,203,204,205,216,222,229,237,244,245,246,251,252,254,257,487,522,557
#-------------------------------
[Trainer]
Type = LASS
Name = 西比尔
BeginSpeech = 西比尔
EndSpeechWin = 你真的一点都不可怕
EndSpeechLose = 看到你挣扎真令人难过
PokemonNos = 0,1,2,4,9,10,11,12,13,14,16,17,18,19,20,21,22,23,24,27,28,29,30,32,33,34,35,37,38,39,40,41,42,43,44,45,47,48,50,52,53,54,55,56,61,62,64,65,67,68,70,72,73,75,76,77,78,79,80,81,83,85,89,90,91,92,93,94,95,96,98,99,102,105,106,107,109,111,112,113,114,115,116,117,118,119,124,125,126,127,128,129,130,131,132,133,134,135,136,137,138,139,140,141,142,143,144,145,146,147,148,149,150,151,153,154,155,156,157,158,159,162,163,164,165,166,167,168,174,175,176,177,178,179,184,185,186,187,188,190,191,192,193,200,201,202,203,205,214,215,219,231,234,242,243,247,251,255,257,356,363,436,457,487,511,527,552
#-------------------------------
[Trainer]
Type = LASS
Name = 罗黛特
BeginSpeech = 罗黛特
EndSpeechWin = 哦，这太刺激了！
EndSpeechLose = 我强得不可思议！
PokemonNos = 0,2,3,9,10,12,13,14,15,16,18,19,20,21,22,23,24,25,26,27,28,29,30,32,34,36,37,39,40,42,43,44,45,46,47,48,49,50,51,52,54,55,61,62,64,65,66,67,68,69,72,73,75,76,77,78,79,80,81,82,83,88,89,90,91,93,96,97,103,104,106,107,108,109,110,111,114,117,118,120,124,126,127,128,129,130,131,133,134,135,138,139,140,141,142,143,145,146,148,149,150,151,152,154,155,156,157,158,159,160,161,162,163,164,165,166,168,174,175,176,177,178,179,180,185,186,188,190,191,192,201,202,204,205,206,216,218,220,231,232,236,238,245,248,257,259,357,487,489,490,491,590,596
#-------------------------------
[Trainer]
Type = LASS
Name = 佩吉
BeginSpeech = 佩吉
EndSpeechWin = 准备好被摧毁吧！
EndSpeechLose = 哈哈哈！！我大笑不止！
PokemonNos = 0,1,2,3,4,9,10,11,12,14,15,16,17,19,20,21,22,23,25,26,28,32,33,34,36,39,41,42,43,44,46,48,49,50,51,52,53,55,56,61,62,63,64,66,67,68,70,72,73,74,75,77,78,79,80,81,82,83,88,89,91,92,94,95,96,97,98,99,100,102,105,106,107,108,109,110,111,112,113,114,116,117,118,119,120,124,125,126,127,129,130,131,132,133,134,135,136,137,139,140,142,143,144,145,146,148,149,150,151,152,155,156,157,158,159,160,161,162,163,164,165,166,167,168,174,175,176,177,179,182,184,185,186,188,190,191,192,193,200,201,202,203,205,213,214,227,235,243,245,249,250,252,258,366,482,515,523,525
#-------------------------------
[Trainer]
Type = YOUNGSTER
Name = 基思
BeginSpeech = 基思
EndSpeechWin = 我可不只是学习哦
EndSpeechLose = 你学习不够……
PokemonNos = 20,27,133,136,160,267,268,269,282,287,293,296,298,299,302,303,309,318,321,323,325,326,327,348,359,372,374,376,379,386,398,399,409,421,424,426,429,431,434,439,459,464,529,543
#-------------------------------
[Trainer]
Type = YOUNGSTER
Name = 格雷森
BeginSpeech = 格雷森
EndSpeechWin = 宝可梦对战可不是儿戏！
EndSpeechLose = 你完了，对吧？
PokemonNos = 11,17,21,22,88,140,141,144,145,182,200,265,268,273,276,280,288,291,295,296,298,299,300,303,310,311,320,322,329,330,332,343,349,354,371,373,377,385,386,395,411,419,426,428,431,437,440,443,451,497,532,536
#-------------------------------
[Trainer]
Type = YOUNGSTER
Name = 格伦
BeginSpeech = 格伦
EndSpeechWin = 我赢了会很酷
EndSpeechLose = 酷！我就是这样
PokemonNos = 24,25,129,133,141,163,202,229,263,264,279,286,290,295,305,310,314,321,323,331,340,343,348,350,357,358,372,383,387,391,393,417,419,420,423,427,431,438,445,499,529,538,541
#-------------------------------
[Trainer]
Type = LASS
Name = 莉莉安娜
BeginSpeech = 莉莉安娜
EndSpeechWin = 不赢我绝不放弃
EndSpeechLose = 我从不投降
PokemonNos = 11,28,199,263,271,284,286,289,290,298,304,313,317,320,326,332,340,341,345,346,350,353,354,372,379,389,415,416,424,427,431,433,436,439,447,597,604
#-------------------------------
[Trainer]
Type = LASS
Name = 埃莉斯
BeginSpeech = 埃莉斯
EndSpeechWin = 我的战术来自我父亲
EndSpeechLose = 我赢了！爸爸，我赢了
PokemonNos = 23,98,132,136,140,141,142,147,165,229,261,268,272,283,290,300,305,307,309,314,316,319,321,326,329,331,340,350,358,361,373,381,388,395,399,409,413,414,415,417,421,423,426,432,436,444
#-------------------------------
[Trainer]
Type = LASS
Name = 佐伊
BeginSpeech = 佐伊
EndSpeechWin = 请认真地战斗吧
EndSpeechLose = 谢谢！！非常感谢
PokemonNos = 26,27,137,143,146,163,179,194,265,269,282,286,287,291,294,308,312,332,333,342,357,359,372,374,377,380,386,387,395,398,411,414,418,419,424,430,463,499,528,534
#-------------------------------
[Trainer]
Type = SUPERNERD
Name = 曼努埃尔
BeginSpeech = 曼努埃尔
EndSpeechWin = 我会输？太荒谬了！
EndSpeechLose = 我自然赢了
PokemonNos = 11,17,18,43,45,46,72,73,74,75,88,160,161,162,164,165,166,167,177,178,179,180,182,195,200,201,202,248,254,316,367,385,409,494
#-------------------------------
[Trainer]
Type = SUPERNERD
Name = 拉斯
BeginSpeech = 拉斯
EndSpeechWin = 他们都想要我出色的宝可梦
EndSpeechLose = 我要办一个宝可梦派对
PokemonNos = 10,17,18,42,43,44,45,72,73,74,75,88,159,160,161,163,164,166,168,178,179,195,196,199,201,202,246,251,270,314,316,340,341,434,437,452,495,507,508,510,594,609,613
#-------------------------------
[Trainer]
Type = SUPERNERD
Name = 达斯汀
BeginSpeech = 达斯汀
EndSpeechWin = 我真的很喜欢酷炫的宝可梦
EndSpeechLose = 我喜欢赢了时的自己！
PokemonNos = 11,17,42,43,44,45,46,72,74,75,159,160,161,162,163,164,165,166,167,168,178,194,196,199,200,201,202,246,252,368,369,409,413,452,494,495,616
#-------------------------------
[Trainer]
Type = LADY
Name = 蒂娜
BeginSpeech = 蒂娜
EndSpeechWin = 如果我赢了，你可以得到一个甜蜜的吻
EndSpeechLose = 这是我迷唇姐给你的甜蜜之吻
PokemonNos = 11,17,18,42,43,44,45,46,72,73,74,75,88,159,160,161,162,163,165,167,177,178,180,182,198,200,202,271,273,300,385,389,409,410,411,454
#-------------------------------
[Trainer]
Type = LADY
Name = 吉莉安
BeginSpeech = 吉莉安
EndSpeechWin = 美食家那套已经过时了
EndSpeechLose = 宝可梦永远不会过时
PokemonNos = 10,11,18,42,43,44,45,72,73,74,75,88,160,161,162,163,164,165,167,168,177,178,179,180,181,196,201,202,246,247,249,256,270,303,341,389,411,413,453,454,492,493,494,509,510,611
#-------------------------------
[Trainer]
Type = LADY
Name = 佐伊
BeginSpeech = 佐伊
EndSpeechWin = 我一点都不担心
EndSpeechLose = 生活总是对我很好
PokemonNos = 17,18,44,45,46,73,74,75,159,160,161,162,163,177,178,179,180,182,194,200,201,202,250,254,255,300,303,340,387,434,437,508
#-------------------------------
[Trainer]
Type = CAMPER
Name = 陈
BeginSpeech = 陈
EndSpeechWin = 我今天完全准备好大干一场
EndSpeechLose = 我准备好继续了！
PokemonNos = 3,41,67,81,86,104,142,145,148,151,153,154,155,163,165,181,299,301,341,359,388,435,445,447,458,474,482,483,486,490,494,509,515,519,527,529,536,547,551,559,586
#-------------------------------
[Trainer]
Type = CAMPER
Name = 阿尔
BeginSpeech = 阿尔
EndSpeechWin = 你的样子说明你真的很强硬
EndSpeechLose = 真正强硬的是我
PokemonNos = 3,11,24,27,28,39,68,69,70,71,89,90,96,105,109,118,142,144,155,160,162,164,168,202,204,269,303,361,412,446,450,453,454,471,483,487,496,511,520,527,534,539,540,544,545,553,554,555,574,575,596
#-------------------------------
[Trainer]
Type = CAMPER
Name = 米奇
BeginSpeech = 米奇
EndSpeechWin = 大自然母亲是我的盟友！
EndSpeechLose = 那对你来说够了吗？
PokemonNos = 19,25,31,39,41,67,72,74,84,102,105,106,115,118,145,150,151,164,182,269,341,387,388,445,456,470,480,482,484,486,491,496,507,510,517,527,530,540,552,553,555,587
#-------------------------------
[Trainer]
Type = PICNICKER
Name = 安妮
BeginSpeech = 安妮
EndSpeechWin = 我等不及了，现在就开战吧
EndSpeechLose = 我的幸福无与伦比！
PokemonNos = 10,24,25,34,65,66,74,82,85,93,96,107,108,109,117,119,148,150,156,160,166,180,204,355,356,388,445,447,455,456,457,458,479,485,486,491,495,514,518,519,529,532,533,538,543,552
#-------------------------------
[Trainer]
Type = PICNICKER
Name = 阿莉泽
BeginSpeech = 阿莉泽
EndSpeechWin = 又可爱又强得可怕，就是我
EndSpeechLose = 没错，我又可爱又强得可怕
PokemonNos = 4,24,62,69,73,76,87,88,90,107,108,148,149,151,158,159,180,182,202,358,361,386,434,447,449,457,475,485,486,491,496,510,516,517,536,551,553,594
#-------------------------------
[Trainer]
Type = PICNICKER
Name = 劳伦
BeginSpeech = 劳伦
EndSpeechWin = 我虽老但也很强
EndSpeechLose = 我说过我虽老但很强
PokemonNos = 32,38,61,72,83,84,87,88,89,103,104,106,109,150,155,159,160,183,356,385,388,390,453,454,457,471,474,477,481,485,499,518,520,530,531,535,539,543,551,554,555,586,606
#-------------------------------
[Trainer]
Type = TUBER_M
Name = 基普
BeginSpeech = 基普
EndSpeechWin = 如果我赢了，我就去冲浪
EndSpeechLose = 耶！我去冲浪了
PokemonNos = 17,21,23,24,26,27,29,48,51,141,142,143,145,146,147,152,153,154,155,156,157,158,178,179,195,199,205,206,265,289,316,317,318,319,371,376,417,418,419,432,435,436,437,445,446,449,450,451,460,461,506,535,541,543
#-------------------------------
[Trainer]
Type = TUBER_M
Name = 杰森
BeginSpeech = 杰森
EndSpeechWin = 教我一个好战术
EndSpeechLose = 那就是你的好战术？！
PokemonNos = 17,18,19,22,25,26,28,29,47,48,49,50,51,141,142,143,145,146,147,153,154,155,156,157,158,178,179,195,198,205,207,229,291,310,311,314,317,321,354,372,373,379,381,382,414,417,419,449,452,454,463,498,505,506,531,532,545,612
#-------------------------------
[Trainer]
Type = TUBER_M
Name = 约翰
BeginSpeech = 约翰
EndSpeechWin = 我是个刚出道不久的训练家
EndSpeechLose = 我是新手但我赢了！
PokemonNos = 17,18,19,20,21,22,23,25,27,28,29,48,49,50,51,141,142,143,144,145,146,147,154,155,157,178,179,194,209,229,267,310,314,340,350,375,415,428,445,460,463,464,498,505,528,531,532,535,541,543,572
#-------------------------------
[Trainer]
Type = TUBER_F
Name = 安
BeginSpeech = 安
EndSpeechWin = 真是太刺激了
EndSpeechLose = 我高兴得想哭
PokemonNos = 17,18,19,20,22,23,27,28,29,49,50,141,142,143,144,145,146,147,153,154,155,156,157,158,177,178,179,195,199,205,229,266,268,318,322,351,377,381,384,414,416,417,427,446,447,459,500,528,529,531,536,538,542,543
#-------------------------------
[Trainer]
Type = TUBER_F
Name = 艾琳
BeginSpeech = 艾琳
EndSpeechWin = 就假装我是大人，好吗？
EndSpeechLose = 这就是大人的感觉
PokemonNos = 17,18,19,20,21,22,23,24,25,27,28,47,50,141,143,144,145,146,147,152,153,154,155,156,158,177,179,198,205,289,313,350,353,369,374,378,415,446,454,464,529,539,545,604,610
#-------------------------------
[Trainer]
Type = TUBER_F
Name = 卡莉
BeginSpeech = 卡莉
EndSpeechWin = 我的暑假献给宝可梦
EndSpeechLose = 我的暑假会很棒
PokemonNos = 18,19,20,21,22,23,26,27,28,48,49,51,141,142,144,145,146,152,153,154,157,158,178,179,205,209,210,350,371,372,381,419,428,429,433,435,446,453,454,506,535,537,539,541,543,544,584,597
#-------------------------------
[Trainer]
Type = SWIMMER_M
Name = 戈登
BeginSpeech = 戈登
EndSpeechWin = 胜利会属于我！
EndSpeechLose = 哦
PokemonNos = 3,4,21,23,24,25,26,28,31,33,34,36,37,38,39,40,41,64,65,66,67,68,76,77,79,80,81,82,83,103,108,109,110,112,113,114,115,142,147,178,179,203,204,227,229,304,311,313,351,352,364,371,375,378,416,431,455,475,477,486,497,500,506,522,523,530,531,537,538,540,541,544,545,555,559,565,574,591
#-------------------------------
[Trainer]
Type = SWIMMER_M
Name = 艾登
BeginSpeech = 艾登
EndSpeechWin = 来吧，我需要一场火热的对战
EndSpeechLose = 我需要水来降温
PokemonNos = 3,23,26,28,29,31,32,33,34,35,36,37,38,39,40,41,61,62,64,65,66,67,76,77,78,81,82,100,101,108,109,111,112,113,114,115,141,142,144,146,177,178,203,204,229,268,290,291,306,310,313,318,319,321,322,350,362,371,417,429,431,449,451,459,461,473,476,479,497,506,521,532,555,559,573
#-------------------------------
[Trainer]
Type = SWIMMER_M
Name = 马尔科
BeginSpeech = 马尔科
EndSpeechWin = 我冬天也冲浪
EndSpeechLose = 我现在就去冲浪
PokemonNos = 3,4,20,21,22,23,25,29,32,33,34,36,37,38,40,61,62,63,64,66,67,68,76,77,78,79,80,82,83,100,102,108,109,110,112,113,114,115,141,146,147,177,179,203,204,211,228,265,290,306,313,317,350,352,366,377,380,382,418,419,448,459,461,462,475,478,481,497,500,531,534,537,538,543,545,558,570,574,584
#-------------------------------
[Trainer]
Type = SWIMMER_F
Name = 谢拉
BeginSpeech = 谢拉
EndSpeechWin = 我喜欢让我的悠游自如同步
EndSpeechLose = 我的宝可梦与我同步
PokemonNos = 3,19,21,23,26,31,33,34,35,36,38,39,41,62,63,64,66,67,68,76,78,79,80,81,82,83,100,101,102,111,112,113,114,142,143,145,147,203,204,353,354,362,373,374,375,377,379,382,384,419,449,457,459,464,475,482,486,499,529,530,531,545,556,557
#-------------------------------
[Trainer]
Type = SWIMMER_F
Name = 马西
BeginSpeech = 马西
EndSpeechWin = 我美得惊人，你赢不了！
EndSpeechLose = 毕竟我美得惊人！
PokemonNos = 3,4,19,21,22,24,29,31,33,34,36,37,38,39,40,41,61,63,64,65,66,67,68,76,77,79,81,82,83,100,101,108,109,110,111,112,113,114,115,141,143,145,204,267,291,310,315,322,352,371,376,382,429,430,457,462,463,472,479,484,498,521,525,531,532,533,538,539,540,541,542,543,554,556,604
#-------------------------------
[Trainer]
Type = SWIMMER_F
Name = 凯西
BeginSpeech = 凯西
EndSpeechWin = 我今天每场都赢了！
EndSpeechLose = 赢了真好！
PokemonNos = 3,4,26,31,32,34,35,37,38,39,41,61,62,63,64,65,66,67,68,76,81,82,83,100,102,103,109,110,111,112,113,114,115,142,145,146,147,203,204,230,265,268,290,291,315,317,318,323,351,353,363,370,371,376,380,382,415,428,430,446,447,448,449,457,483,485,486,506,523,531,535,554,556,591
#-------------------------------
[Trainer]
Type = SUPERNERD
Name = 佩顿
BeginSpeech = 佩顿
EndSpeechWin = 我从不对我的宝可梦失望
EndSpeechLose = 我们一起赢我很开心
PokemonNos = 28,38,40,62,67,80,204,227,289,291,311,312,315,321,324,325,346,347,357,358,360,371,373,388,389,393,430,431,433,447,482,483,486,497,528,540,545,554,558,573,584,604
#-------------------------------
[Trainer]
Type = SUPERNERD
Name = 朱利安
BeginSpeech = 朱利安
EndSpeechWin = 你很喜欢你的宝可梦吧？
EndSpeechLose = 你完全不够格
PokemonNos = 3,25,35,103,144,145,146,204,229,316,318,323,333,360,361,380,381,392,394,396,408,416,431,464,482,484,485,486,498,500,530,544,554,556,557,573,575
#-------------------------------
[Trainer]
Type = SUPERNERD
Name = 奎恩
BeginSpeech = 奎恩
EndSpeechWin = 我的宝可梦只是个梦
EndSpeechLose = 这是个美丽的梦！
PokemonNos = 20,21,33,62,111,290,315,323,329,331,344,345,346,351,355,357,361,370,372,376,389,392,395,432,433,436,451,499,552,555,564,565,573,597
#-------------------------------
[Trainer]
Type = PAINTER
Name = 海莉
BeginSpeech = 海莉
EndSpeechWin = 我不知道自己是什么感觉
EndSpeechLose = 我为此感到无比喜悦
PokemonNos = 3,4,18,19,21,22,23,24,31,32,33,35,36,38,39,40,41,42,43,45,50,51,52,53,54,55,56,61,62,63,65,67,68,76,77,78,79,81,82,83,89,90,95,96,98,99,103,105,106,107,108,109,112,113,114,141,142,143,144,146,149,150,151,152,153,154,155,157,159,160,161,164,165,166,167,168,175,176,203,204,211,258,267,268,281,282,365,455
#-------------------------------
[Trainer]
Type = PAINTER
Name = 阿曼达
BeginSpeech = 阿曼达
EndSpeechWin = 我出身于训练家世家
EndSpeechLose = 我会珍惜这次胜利
PokemonNos = 3,4,18,19,21,22,25,27,30,31,33,34,35,36,37,38,39,40,41,43,44,45,47,48,49,50,51,52,53,54,55,56,61,62,63,64,65,66,67,68,76,77,78,79,80,81,82,83,90,91,92,93,94,95,96,97,98,104,105,108,109,110,112,113,114,115,141,143,144,145,147,148,149,150,151,153,154,156,157,158,159,160,165,166,167,168,174,175,176,204,233,262,278,286,301,303,363
#-------------------------------
[Trainer]
Type = PAINTER
Name = 斯泰西
BeginSpeech = 斯泰西
EndSpeechWin = 每只宝可梦都有自己可爱的魅力
EndSpeechLose = 你明白我的意思了吗？
PokemonNos = 3,17,18,19,20,23,24,25,30,31,32,33,34,36,38,39,40,42,43,45,46,47,48,49,50,51,52,54,55,56,61,63,64,65,66,67,68,76,77,78,79,80,81,82,83,89,90,91,92,93,94,95,96,97,103,106,107,110,111,112,113,114,115,141,142,143,144,146,148,149,150,151,152,153,154,156,157,158,159,161,162,163,164,165,166,167,168,174,175,203,204,232,258,259,267,278,281,282,283,302,556,591
#-------------------------------
[Trainer]
Type = POKEMONRANGER_M
Name = 拉斐尔
BeginSpeech = 拉斐尔
EndSpeechWin = 来吧！让我看看你的精神
EndSpeechLose = 就是这样！这才有精神！
PokemonNos = 0,1,3,4,9,11,12,13,14,16,17,18,19,20,21,22,23,24,25,26,27,28,29,31,32,33,34,35,36,37,38,39,40,42,43,44,46,47,49,50,51,52,53,54,56,61,62,63,64,65,66,67,68,71,72,73,74,75,76,77,78,79,80,81,82,83,89,90,91,93,94,96,97,98,104,105,106,110,111,112,114,115,117,118,119,120,125,126,128,129,130,131,132,133,136,138,139,140,142,143,144,145,146,147,148,150,152,153,155,157,158,159,160,161,162,163,164,166,174,175,177,178,183,185,186,187,188,189,190,192,193,200,202,203,204,205,208,211,231,237,244,247,250,251,252,253,355,363,433,436,455,488
#-------------------------------
[Trainer]
Type = POKEMONRANGER_M
Name = 奥利弗
BeginSpeech = 奥利弗
EndSpeechWin = 我是天才！
EndSpeechLose = 天才就是这么运作的！
PokemonNos = 21,26,28,29,125,134,195,227,264,270,275,277,278,292,297,300,302,303,311,315,321,327,328,331,340,352,357,374,376,388,396,398,399,411,420,423,424,426,429,432,435,443,450,500,537,541
#-------------------------------
[Trainer]
Type = POKEMONRANGER_M
Name = 佩顿
BeginSpeech = 佩顿
EndSpeechWin = 我从蛋开始培养
EndSpeechLose = 干得好！
PokemonNos = 11,69,73,74,75,78,90,96,101,106,148,152,154,157,160,163,164,182,203,303,359,386,388,390,448,449,453,454,455,456,470,474,477,483,485,492,496,500,510,517,519,527,532,534,540,546,551,555,556,559
#-------------------------------
[Trainer]
Type = POKEMONBREEDER
Name = 帕梅拉
BeginSpeech = 帕梅拉
EndSpeechWin = 所有宝可梦都喜欢温柔的训练家
EndSpeechLose = 你输了真遗憾
PokemonNos = 0,1,2,3,4,9,10,11,14,15,17,18,19,20,21,22,23,24,25,26,28,29,30,31,32,33,34,35,36,37,40,41,42,43,46,47,48,49,50,51,52,54,55,56,61,62,63,64,65,66,67,68,69,71,72,73,74,76,77,78,81,82,83,85,87,88,89,90,92,94,95,97,98,99,101,104,105,106,107,108,109,110,111,112,113,115,116,117,118,119,120,125,126,127,128,129,130,133,134,135,136,137,139,140,141,142,143,144,145,146,147,148,150,151,152,153,154,155,156,157,159,160,161,162,163,164,165,166,167,168,170,173,174,176,177,178,181,184,185,186,187,188,189,190,191,192,193,200,202,203,205,206,209,210,211,218,219,220,229,232,233,239,244,255,358,435,489,522,557,606
#-------------------------------
[Trainer]
Type = POKEMONBREEDER
Name = 伊莉莎
BeginSpeech = 伊莉莎
EndSpeechWin = 我像爱孩子一样爱宝可梦
EndSpeechLose = 我为我的宝可梦感到高兴
PokemonNos = 19,26,144,194,263,265,268,271,300,304,309,318,323,324,326,327,344,350,351,379,392,397,399,408,416,420,423,429,430,440,445,446,451,497,499,533
#-------------------------------
[Trainer]
Type = POKEMONBREEDER
Name = 玛丽莎
BeginSpeech = 玛丽莎
EndSpeechWin = 我保证认真对战
EndSpeechLose = 答应我你会做得更好
PokemonNos = 40,67,72,87,90,96,104,110,119,145,153,155,158,162,181,182,200,299,355,356,388,390,408,454,470,473,476,477,480,482,486,487,496,499,508,509,529,533,535,538,539,542,551,554,558,559,564,575
#-------------------------------
[Trainer]
Type = BUGCATCHER
Name = 刘易斯
BeginSpeech = 刘易斯
EndSpeechWin = 小虫子很可怕？哈哈哈
EndSpeechLose = 看啊看啊！一只可怕的虫子
PokemonNos = 9,10,12,14,15,16,59,84,85,88,92,94,116,125,126,127,128,129,131,133,134,135,136,137,138,139,140,141,142,143,144,146,147,151,164,185,186,187,188,189,190,191,192,193,213,219,220,546
#-------------------------------
[Trainer]
Type = BUGCATCHER
Name = 吉
BeginSpeech = 吉
EndSpeechWin = 虫宝可梦让我心花怒放
EndSpeechLose = 虫宝可梦是最棒的！
PokemonNos = 9,10,12,14,15,16,85,88,124,125,126,127,128,129,131,132,133,134,137,138,139,141,145,146,147,149,156,184,186,187,188,189,190,191,193,200,216,218
#-------------------------------
[Trainer]
Type = BUGCATCHER
Name = 德斯汀
BeginSpeech = 德斯汀
EndSpeechWin = 这里太热了
EndSpeechLose = 我快过热了
PokemonNos = 9,10,11,13,14,15,16,88,124,125,126,127,128,129,130,132,134,135,136,138,139,141,142,143,144,145,146,147,148,151,154,162,168,184,186,187,190,191,192,193,214
#-------------------------------
[Trainer]
Type = YOUNGSTER
Name = 基恩
BeginSpeech = 基恩
EndSpeechWin = 恕我失礼，我来了！
EndSpeechLose = 请原谅我势不可挡的力量
PokemonNos = 10,11,17,18,72,73,74,75,88,117,120,124,125,126,127,128,129,131,133,134,135,138,139,140,141,142,143,144,145,146,147,151,159,160,161,162,163,164,165,166,167,168,177,178,182,184,185,186,188,189,190,191,192,193,195,196,197,198,200,201,217,249,254,271,273,300,314,315,369,388,410,411,433,434,507,551,593
#-------------------------------
[Trainer]
Type = YOUNGSTER
Name = 斯图尔特
BeginSpeech = 斯图尔特
EndSpeechWin = 我保证给你一场火热的对战
EndSpeechLose = 酷炫大师就是我
PokemonNos = 10,17,69,72,73,75,88,91,124,125,126,127,128,129,130,131,132,133,136,137,138,139,140,141,142,143,144,145,146,147,148,149,152,159,160,161,162,163,164,165,166,167,168,177,179,181,184,185,186,187,188,189,190,191,192,193,194,198,200,202,213,214,220,256,269,302,367,369,387,389,390,409,433,435,452,551,616
#-------------------------------
[Trainer]
Type = YOUNGSTER
Name = 内斯特
BeginSpeech = 内斯特
EndSpeechWin = 让我看看真正流畅的一招
EndSpeechLose = 那一点也不流畅
PokemonNos = 10,18,72,73,74,88,116,120,124,125,126,127,128,129,130,131,132,133,134,135,137,138,139,140,141,142,143,145,147,151,159,160,161,162,163,164,165,166,167,168,177,178,179,183,185,186,187,188,189,190,191,192,193,196,199,200,201,202,215,217,222,250,301,340,387,390,410,432,548,609,614
#-------------------------------
[Trainer]
Type = BUGCATCHER
Name = 德里克
BeginSpeech = 德里克
EndSpeechWin = 让我看看你像我一样冥想
EndSpeechLose = 我冥想的样子就是美
PokemonNos = 84,89,90,91,92,93,94,95,96,124,125,126,127,128,129,130,131,132,133,134,135,136,137,138,139,140,141,142,144,146,147,152,159,161,164,184,186,188,190,191,192,218,219,232,234,252,254,271,272,302,389,409,452
#-------------------------------
[Trainer]
Type = BUGCATCHER
Name = 布莱森
BeginSpeech = 布莱森
EndSpeechWin = 毒粉在我们的棉孢子招式里
EndSpeechLose = 你觉得我们的毒粉怎么样？
PokemonNos = 88,90,91,92,93,94,95,124,125,126,127,129,130,132,133,134,135,136,137,138,139,140,141,143,144,145,146,147,152,154,162,164,184,185,186,187,189,190,191,192,193,200,222,252,257,269,270,273,389,408,454,510,548
#-------------------------------
[Trainer]
Type = BUGCATCHER
Name = 克莱顿
BeginSpeech = 克莱顿
EndSpeechWin = 嗯？在哪儿？
EndSpeechLose = 在哪儿？我的宝可梦领航员丢了
PokemonNos = 10,91,92,93,94,124,126,127,128,132,133,134,137,138,139,140,141,142,143,144,145,146,147,163,165,166,168,184,185,186,188,189,190,191,193,200,202,214,219,247,269,270,273,303,386,390,549,551,594
#-------------------------------
[Trainer]
Type = FISHERMAN
Name = 特伦顿
BeginSpeech = 特伦顿
EndSpeechWin = 来喝点美味的水吧
EndSpeechLose = 嗯，你想要一些吗？
PokemonNos = 19,20,23,25,27,28,29,142,144,146,205,228,268,310,313,317,319,322,352,373,374,377,427,446,449,474,481,497,505,528,532,533,536,539,542,543
#-------------------------------
[Trainer]
Type = FISHERMAN
Name = 詹森
BeginSpeech = 詹森
EndSpeechWin = 我的宝可梦会让你沮丧
EndSpeechLose = 你的宝可梦不够格
PokemonNos = 20,22,23,24,26,27,143,145,208,289,290,323,382,384,416,418,428,446,447,474,480,497,499,529,530,537,542,544,558,574
#-------------------------------
[Trainer]
Type = FISHERMAN
Name = 韦斯利
BeginSpeech = 韦斯利
EndSpeechWin = 我的叫声是喵喵
EndSpeechLose = 是的，我知道我很可爱！
PokemonNos = 19,20,21,23,24,27,29,141,145,209,227,379,383,419,427,451,461,473,474,475,497,500,506,529,531,532,534,559,572
#-------------------------------
[Trainer]
Type = RUINMANIAC
Name = 安东
BeginSpeech = 安东
EndSpeechWin = 准备好被我痛揍吧
EndSpeechLose = 哇哈哈哈！抱歉！
PokemonNos = 97,98,99,124,125,126,128,129,130,131,134,135,136,218,263,264,533,540,545,551,559
#-------------------------------
[Trainer]
Type = RUINMANIAC
Name = 劳森
BeginSpeech = 劳森
EndSpeechWin = 我心态年轻！
EndSpeechLose = 不酷！一点也不
PokemonNos = 97,124,125,126,127,128,130,131,132,138,274,276,421,426,442,534,543,548,559,573,574,575
#-------------------------------
[Trainer]
Type = RUINMANIAC
Name = 萨米
BeginSpeech = 萨米
EndSpeechWin = 我的队伍准备好大干一场
EndSpeechLose = 我的队伍简直不可思议！
PokemonNos = 97,98,99,124,125,127,128,129,130,131,133,205,217,221,262,442,538,539,544,545,559,574
#-------------------------------
[Trainer]
Type = SUPERNERD
Name = 阿尼
BeginSpeech = 阿尼
EndSpeechWin = 我是第一，没有对手
EndSpeechLose = 你看到了吗？我不会输
PokemonNos = 1,2,3,4,9,10,12,14,15,17,18,22,23,24,25,26,27,28,29,30,31,32,33,35,37,38,41,43,48,49,50,51,53,55,56,61,62,63,64,65,66,73,74,75,76,77,78,79,81,83,84,90,91,92,93,95,96,97,98,99,100,103,104,105,106,108,109,110,112,113,114,115,117,118,119,120,124,125,127,128,129,130,131,132,134,135,136,139,140,141,143,144,145,146,147,148,149,151,152,153,154,155,156,157,158,159,160,161,162,163,164,165,166,167,172,174,175,176,177,179,184,185,186,187,189,190,191,192,193,200,201,202,203,204,205,206,209,210,228,234,235,237,248,258,364,365,366,432,487,491,526,591
#-------------------------------
[Trainer]
Type = SUPERNERD
Name = 艾德里安
BeginSpeech = 艾德里安
EndSpeechWin = 呀吼！呀吼！！
EndSpeechLose = 谢谢！谢谢！！
PokemonNos = 22,24,25,28,130,139,178,268,271,273,276,277,279,284,296,299,318,322,325,326,329,341,344,348,357,358,376,387,388,396,409,422,427,431,432,433,438,439,440,441,532,533,572
#-------------------------------
[Trainer]
Type = SUPERNERD
Name = 特里斯坦
BeginSpeech = 特里斯坦
EndSpeechWin = 困惑了吗？我是天才
EndSpeechLose = 看吧？我是天才
PokemonNos = 34,35,39,66,71,74,75,82,95,106,107,108,141,147,148,149,150,158,182,201,299,300,356,408,446,452,457,473,480,483,487,489,498,509,510,518,519,532,540,543,544,546,547,551,554,555,556,587,594
#-------------------------------
[Trainer]
Type = LADY
Name = 朱莉安娜
BeginSpeech = 朱莉安娜
EndSpeechWin = 我觉得我买太多东西了
EndSpeechLose = 但我想要一个宝可梦毛绒玩偶
PokemonNos = 0,1,2,47,48,49,50,51,97,132,138,141,142,143,144,145,146,147,205,220,260,261,264,266,488,499
#-------------------------------
[Trainer]
Type = LADY
Name = 莱莉
BeginSpeech = 莱莉
EndSpeechWin = 让我看看你有毅力
EndSpeechLose = 拜拜！你没有毅力
PokemonNos = 0,1,2,24,47,48,49,98,130,131,137,141,142,143,144,145,264,268
#-------------------------------
[Trainer]
Type = LADY
Name = 切尔西
BeginSpeech = 切尔西
EndSpeechWin = 我是认真想赢的！
EndSpeechLose = 那是我求胜的意志
PokemonNos = 1,47,49,50,51,135,141,142,143,144,145,146,147,222,261,265,266
#-------------------------------
[Trainer]
Type = BEAUTY
Name = 达内拉
BeginSpeech = 达内拉
EndSpeechWin = 你现在一定是我的对手！
EndSpeechLose = 哦
PokemonNos = 1,2,3,4,9,10,12,14,15,16,17,19,20,21,22,23,24,26,27,28,29,31,32,33,34,36,37,38,39,40,41,42,43,44,45,46,47,48,49,50,51,52,54,55,56,62,63,65,66,67,68,72,73,74,75,76,77,78,79,80,82,83,88,89,90,91,92,93,94,95,96,97,98,99,100,101,104,107,108,109,110,111,112,113,114,115,116,117,124,125,126,127,128,129,130,131,132,133,134,135,136,137,138,139,140,141,142,143,144,145,146,148,151,153,154,155,156,157,160,163,164,165,166,167,174,175,176,177,178,179,184,185,186,188,189,191,192,193,200,201,202,203,204,205,206,220,222,228,231,234,242,248,251,253,255,256,357,358,361,433,437,482,484,486,527,554,587
#-------------------------------
[Trainer]
Type = BEAUTY
Name = 莉兹贝斯
BeginSpeech = 莉兹贝斯
EndSpeechWin = 如果我输了，你可以得到一份礼物
EndSpeechLose = 这是一点赞美，作为给你的礼物
PokemonNos = 19,20,22,142,143,146,147,164,177,266,269,271,276,277,280,283,302,308,310,315,316,318,323,328,329,343,344,349,354,378,383,386,387,390,397,399,408,409,410,433,434,439,440,443,464,505,533,538,542,543
#-------------------------------
[Trainer]
Type = BEAUTY
Name = 阿梅莉亚
BeginSpeech = 阿梅莉亚
EndSpeechWin = 我相信可爱时尚的魅力
EndSpeechLose = 你的时尚品味是场灾难
PokemonNos = 35,36,71,78,84,85,90,107,108,109,114,119,120,155,167,180,182,387,409,447,451,453,457,458,471,478,481,488,489,497,498,507,509,518,534,536,545,552,555,564,565
#-------------------------------
[Trainer]
Type = AROMALADY
Name = 吉莉安
BeginSpeech = 吉莉安
EndSpeechWin = 我闻到的是什么？
EndSpeechLose = 这是美味之水的甜甜香气
PokemonNos = 0,1,2,17,18,48,49,50,51,52,53,54,56,90,91,92,93,94,96,177,178,179,184,186,187,188,189,190,191,192,193,194,196,199,234,273,316,342,386,391,396,399,409,413,432,436,454,609
#-------------------------------
[Trainer]
Type = AROMALADY
Name = 阿比
BeginSpeech = 阿比
EndSpeechWin = 你试试我的秘密芳香疗法，好吗？
EndSpeechLose = 我的芳香疗法对你很糟糕
PokemonNos = 0,1,2,17,18,47,48,49,52,54,55,56,89,90,91,92,94,96,178,179,184,185,186,188,190,191,193,195,237,270,315,368,389,392,396,402,409,432,437,611
#-------------------------------
[Trainer]
Type = AROMALADY
Name = 布丽安娜
BeginSpeech = 布丽安娜
EndSpeechWin = 我男朋友工作太拼了
EndSpeechLose = 我只会更想他……
PokemonNos = 2,17,18,47,48,49,51,52,54,55,89,90,91,92,169,177,178,179,184,185,186,189,190,191,192,193,195,270,314,343,386,393
#-------------------------------
[Trainer]
Type = ROCKER
Name = 安东尼奥
BeginSpeech = 安东尼奥
EndSpeechWin = 我知道怎么加油
EndSpeechLose = 但我不喜欢跳舞
PokemonNos = 17,18,30,42,43,44,45,46,174,176,177,179,196,197,198,250,251,255,288,315,341,443,477,479,480,496,588
#-------------------------------
[Trainer]
Type = ROCKER
Name = 杰登
BeginSpeech = 杰登
EndSpeechWin = 你好，我想我很喜欢你
EndSpeechLose = 你让我沮丧地大闹
PokemonNos = 17,18,30,42,43,44,46,122,174,175,176,177,178,179,194,195,196,245,251,255,316,340,367,433,434,436,440,441,478,495,582,588,612,615,617
#-------------------------------
[Trainer]
Type = ROCKER
Name = 达科他
BeginSpeech = 达科他
EndSpeechWin = 你得带着力量起舞
EndSpeechLose = 明白了吗？带着力量起舞
PokemonNos = 18,30,42,43,44,46,121,174,175,176,177,178,179,195,252,280,281,288,315,316,340,452,478,479,494,602
#-------------------------------
[Trainer]
Type = BIRDKEEPER
Name = 布雷登
BeginSpeech = 布雷登
EndSpeechWin = 变色版的玩具根本没用！
EndSpeechLose = 我只收集普通版的玩具
PokemonNos = 3,31,32,33,34,35,36,37,38,39,40,41,61,65,66,68,72,73,74,76,77,78,79,80,81,82,83,91,101,102,103,104,105,107,110,111,113,114,115,116,118,119,120,148,149,150,151,153,154,155,157,203,204,211,344,349,355,362,365,432,437,456,457,491,523,554,589,590,591
#-------------------------------
[Trainer]
Type = BIRDKEEPER
Name = 科森
BeginSpeech = 科森
EndSpeechWin = 我要狠狠教训你
EndSpeechLose = 太轻松了！我太酷了
PokemonNos = 3,4,31,32,33,36,37,38,39,41,61,62,65,66,67,69,72,74,75,76,77,79,80,81,82,83,87,89,100,101,102,105,106,107,108,110,111,112,113,114,116,117,118,120,148,149,151,152,153,154,155,156,157,158,203,347,348,483,484,490,491,521,522,527,570,591
#-------------------------------
[Trainer]
Type = BIRDKEEPER
Name = 特雷文
BeginSpeech = 特雷文
EndSpeechWin = 没有人比我更强
EndSpeechLose = 是的
PokemonNos = 3,4,32,34,35,36,37,39,41,61,63,64,65,67,68,72,73,74,75,76,78,79,82,83,84,85,87,89,90,91,92,100,102,104,105,106,107,109,110,111,112,113,115,116,118,120,148,149,150,152,153,154,155,156,158,203,204,345,347,436,457,483,491,524,555,557,571
#-------------------------------
[Trainer]
Type = SAILOR
Name = 帕特里克
BeginSpeech = 帕特里克
EndSpeechWin = 我是完美的！现在放弃吧
EndSpeechLose = 别失望，我是完美的
PokemonNos = 19,22,24,25,28,128,137,138,141,142,177,178,230,260,261,267,275,278,281,307,311,313,322,370,414,415,423,424,426,430,445,461,500,533,536,541,543,575,604
#-------------------------------
[Trainer]
Type = SAILOR
Name = 卡登
BeginSpeech = 卡登
EndSpeechWin = 你在忙什么？
EndSpeechLose = 你让我吃了一惊！
PokemonNos = 23,26,28,99,136,144,177,178,179,227,230,262,278,279,281,283,286,287,289,304,310,311,319,352,353,375,376,384,421,499,505,529,575
#-------------------------------
[Trainer]
Type = SAILOR
Name = 麦克斯韦
BeginSpeech = 麦克斯韦
EndSpeechWin = 嘿
EndSpeechLose = 我的对手是我女朋友
PokemonNos = 20,26,29,126,135,141,142,147,177,178,179,261,263,275,279,283,304,306,310,317,353,375,377,414,422,424,425,429,500,533,537,541
#-------------------------------
[Trainer]
Type = HIKER
Name = 达里尔
BeginSpeech = 达里尔
EndSpeechWin = 我只会猛冲
EndSpeechLose = 我是不是势不可挡？
PokemonNos = 97,99,124,126,127,128,129,130,131,178,179,205,207,217,219,277,305,307,540,542,548,549,551
#-------------------------------
[Trainer]
Type = HIKER
Name = 肯尼斯
BeginSpeech = 肯尼斯
EndSpeechWin = 你最好别对我偷懒
EndSpeechLose = 我的挑衅吓到你了吗？
PokemonNos = 97,98,126,127,128,130,138,139,140,177,178,222,263,275,531,532,543,546
#-------------------------------
[Trainer]
Type = HIKER
Name = 里奇
BeginSpeech = 里奇
EndSpeechWin = 你的硬撑骗不了我
EndSpeechLose = 说真的，你还好吗？
PokemonNos = 98,99,124,126,129,130,131,178,222,277,304,307,420,425,426,529,533,544,550,552
#-------------------------------
[Trainer]
Type = ENGINEER
Name = 卡登
BeginSpeech = 卡登
EndSpeechWin = 我不会被打败！
EndSpeechLose = 火！火！！
PokemonNos = 248,258,259,274,276,277,330,331,332,335,439,493,495,516,518,565
#-------------------------------
[Trainer]
Type = ENGINEER
Name = 马龙
BeginSpeech = 马龙
EndSpeechWin = 宝可梦图鉴是个小收音机？
EndSpeechLose = 小收音机？那真是太酷了
PokemonNos = 259,276,328,345,440,442,494,520
#-------------------------------
[Trainer]
Type = ENGINEER
Name = 纳什
BeginSpeech = 纳什
EndSpeechWin = 我火力全开，宝贝！
EndSpeechLose = 我只给你留了点火星
PokemonNos = 247,259,277,329,332,335,346,441,516
#-------------------------------
[Trainer]
Type = POKEMONRANGER_M
Name = 罗比
BeginSpeech = 罗比
EndSpeechWin = 哈哈哈！见到你真高兴！
EndSpeechLose = 我是拥有清爽宁静气质的老大
PokemonNos = 4,31,32,33,34,35,36,37,40,41,61,63,64,65,66,67,68,72,74,77,78,79,80,81,82,83,86,92,98,102,103,104,105,106,107,108,109,110,111,112,114,116,117,118,119,120,125,133,136,148,150,151,158,177,178,203,212,261,264,274,275,276,304,306,307,309,355,360,362,420,425,486,522,523,556,586
#-------------------------------
[Trainer]
Type = POKEMONRANGER_M
Name = 里斯
BeginSpeech = 里斯
EndSpeechWin = 我的电光一闪能胜过瞬间移动
EndSpeechLose = 就像我说的，我快得很
PokemonNos = 3,4,31,32,33,35,36,37,38,39,40,41,61,62,63,64,65,66,67,68,69,73,77,78,79,80,81,82,83,89,90,93,100,101,104,106,107,108,109,110,112,113,114,115,116,117,118,119,120,148,149,150,151,152,157,177,178,203,204,263,304,306,307,358,364,435,458,514,522,523,526,527,552,556,591
#-------------------------------
[Trainer]
Type = POKEMONRANGER_F
Name = 凯瑟琳
BeginSpeech = 凯瑟琳
EndSpeechWin = 我训练得还不够好？
EndSpeechLose = 别那样挑衅我，好吗？
PokemonNos = 3,4,31,32,34,36,38,39,40,61,62,63,64,65,68,71,73,74,80,82,83,87,91,93,94,102,103,104,105,106,107,108,109,110,111,112,114,115,116,117,118,120,129,148,149,150,151,177,178,179,203,204,205,277,423,424,425,515,556
#-------------------------------
[Trainer]
Type = POKEMONRANGER_F
Name = 艾伦
BeginSpeech = 艾伦
EndSpeechWin = 把你像鸡蛋一样捏碎！
EndSpeechLose = 那对我来说是一场美味的胜利
PokemonNos = 33,34,35,36,37,38,39,40,61,62,64,67,68,70,76,77,78,79,81,82,83,103,104,105,106,107,108,109,110,112,113,114,117,119,120,125,135,137,140,148,149,151,155,177,178,179,203,263,264,275,307,308,358,362,422,488,489,512,513,521,522,524,527,557,571,586
#-------------------------------
[Trainer]
Type = SWIMMER_M
Name = 拉蒙
BeginSpeech = 拉蒙
EndSpeechWin = 好！这就是完美
EndSpeechLose = 我很高兴我赢了！
PokemonNos = 22,27,37,68,79,102,110,141,143,144,145,146,147,177,179,228,286,294,296,297,305,307,313,316,319,321,371,378,384,415,428,445,447,449,451,457,485,497,505,506,529,534,535
#-------------------------------
[Trainer]
Type = SWIMMER_M
Name = 亚瑟
BeginSpeech = 亚瑟
EndSpeechWin = 我来了，做好准备迎接一切
EndSpeechLose = 就是这样！太美妙了！
PokemonNos = 19,20,22,23,28,29,32,35,39,177,179,279,281,285,288,314,320,352,373,380,415,447,448,449,482,487,490,534,544,553,557,558,575,597
#-------------------------------
[Trainer]
Type = SWIMMER_F
Name = 阿隆德拉
BeginSpeech = 阿隆德拉
EndSpeechWin = 每天都是好日子
EndSpeechLose = 我的潜水会成为传说
PokemonNos = 23,28,41,66,76,81,145,177,178,266,282,283,285,287,288,292,297,307,321,323,377,379,415,427,456,485,486,532,552,557,574
#-------------------------------
[Trainer]
Type = SWIMMER_F
Name = 艾德丽安娜
BeginSpeech = 艾德丽安娜
EndSpeechWin = 来看看惊人的悠游自如！
EndSpeechLose = 我做得看起来轻而易举
PokemonNos = 20,21,25,65,76,79,80,108,141,142,144,145,177,178,179,281,282,284,287,291,292,293,297,304,311,313,320,321,375,383,417,445,446,447,482,490,491,497,506,530,531,553,554,556,559
#-------------------------------
[Trainer]
Type = BIKER
Name = 马利克
BeginSpeech = 马利克
EndSpeechWin = 哦，求你别再对战了……
EndSpeechLose = 我终于赢了……我累了
PokemonNos = 30,32,37,76,100,113,115,174,175,176,177,178,238,242,288,305,306,308,443,527,552,554
#-------------------------------
[Trainer]
Type = PAINTER
Name = 吉尔
BeginSpeech = 吉尔
EndSpeechWin = 我是电光一闪训练家！
EndSpeechLose = 电光一闪训练家获胜！
PokemonNos = 30,35,38,66,67,68,108,176,177,179,204,238,239,240,241,244,245,278,282,287,306,307,358,360,554
#-------------------------------
[Trainer]
Type = POKEMONRANGER_M
Name = 埃里克
BeginSpeech = 埃里克
EndSpeechWin = 我是加速英雄！
EndSpeechLose = 来自加速英雄的感谢！
PokemonNos = 31,33,79,81,91,93,101,154,204,211,356,357,362,457,482,488,524,586,587,590,591
#-------------------------------
[Trainer]
Type = POKEMONRANGER_F
Name = 亚兹敏
BeginSpeech = 亚兹敏
EndSpeechWin = 我宁愿跑步也不骑车
EndSpeechLose = 是的，我宁愿跑步
PokemonNos = 3,40,81,90,104,112,116,211,306,356,357,358,359,361,363,436,458,484,513,523,527,591
#-------------------------------
[Trainer]
Type = SWIMMER_M
Name = 贾马尔
BeginSpeech = 贾马尔
EndSpeechWin = 我快当爸爸了
EndSpeechLose = 我等不及我的宝宝了
PokemonNos = 21,28,29,228,229,266,268,308,309,319,323,352,370,373,378,381,384,414,417,427,445,447,572
#-------------------------------
[Trainer]
Type = SWIMMER_F
Name = 莱斯利
BeginSpeech = 莱斯利
EndSpeechWin = 我快当妈妈了
EndSpeechLose = 婴儿会是个小小的挑战
PokemonNos = 23,28,144,228,266,267,289,312,319,322,323,353,354,371,374,378,380,384,449,451,498,541,584
#-------------------------------
[Trainer]
Type = BIKER
Name = 戴夫
BeginSpeech = 戴夫
EndSpeechWin = 我今天该做什么？
EndSpeechLose = 我该享受一下运动！
PokemonNos = 36,66,67,304,362,522,552,588,591,602,603
#-------------------------------
[Trainer]
Type = BIKER
Name = 卡洛
BeginSpeech = 卡洛
EndSpeechWin = 哈！！耶！！
EndSpeechLose = 我做事用的是神速！
PokemonNos = 36,65,79,362,364,366,485,570
#-------------------------------
[Trainer]
Type = PAINTER
Name = 艾米莉亚
BeginSpeech = 艾米莉亚
EndSpeechWin = 我担心？我一点也不
EndSpeechLose = 啊哈哈，看吧？太精彩了！
PokemonNos = 101,212,305,482,485,487,521,556,588,603
#-------------------------------
[Trainer]
Type = PAINTER
Name = 达莉亚
BeginSpeech = 达莉亚
EndSpeechWin = 我的自行车很贵
EndSpeechLose = 别靠近我的自行车！
PokemonNos = 62,68,212,364,365,483,485,486,607
#-------------------------------
[Trainer]
Type = BLACKBELT
Name = 瞳
BeginSpeech = 瞳
EndSpeechWin = 耶！！哈！！
EndSpeechLose = 什么？！我赢了？！
PokemonNos = 39,63,103,209,211,212,262,274,277,306,307,365,366,484,521,526
#-------------------------------
[Trainer]
Type = BLACKBELT
Name = 里卡多
BeginSpeech = 里卡多
EndSpeechWin = 来吧！玩闹时间结束了
EndSpeechLose = 你给我出去！
PokemonNos = 61,102,112,203,362,570
#-------------------------------
[Trainer]
Type = BLACKBELT
Name = 静香
BeginSpeech = 静香
EndSpeechWin = 让我看看你是认真的！
EndSpeechLose = 我不会忘记你
PokemonNos = 32,35,39,61,66,101,304,362,455,456,483,523,554,570,591
#-------------------------------
[Trainer]
Type = CRUSHGIRL
Name = 乔安娜
BeginSpeech = 乔安娜
EndSpeechWin = 你马上就会输
EndSpeechLose = 我是赢家，听我咆哮
PokemonNos = 67,81,100,103,111,206,210,211,212,217,221,304,307,364,457
#-------------------------------
[Trainer]
Type = CRUSHGIRL
Name = 凯莉
BeginSpeech = 凯莉
EndSpeechWin = 我的夜校真可怕
EndSpeechLose = 一位女幽灵出现在那里
PokemonNos = 64,77,78,207,211,220,260,362,364,366,455,521
#-------------------------------
[Trainer]
Type = CRUSHGIRL
Name = 蕾娜
BeginSpeech = 蕾娜
EndSpeechWin = 论力量我是第一
EndSpeechLose = 现在明白我的力量了吗？
PokemonNos = 35,37,67,80,101,207,212,221,264,275,484,485,552
#-------------------------------
[Trainer]
Type = COOLTRAINER_M
Name = 埃文
BeginSpeech = 埃文
EndSpeechWin = 每场对战都有它的气味
EndSpeechLose = 哦！胜利的甜甜香气
PokemonNos = 229,268,271,301,302,351,364,378,384,385,386,563,577,579,580,598,605,606
#-------------------------------
[Trainer]
Type = COOLTRAINER_M
Name = 乔丹
BeginSpeech = 乔丹
EndSpeechWin = 好！来吧！！
EndSpeechLose = 你打不败我！
PokemonNos = 38,41,80,101,114,355,364,365,367,525,571,591
#-------------------------------
[Trainer]
Type = COOLTRAINER_M
Name = 乔尔
BeginSpeech = 乔尔
EndSpeechWin = 呵呵呵……
EndSpeechLose = 咯咯……
PokemonNos = 227,229,265,318,323,375
#-------------------------------
[Trainer]
Type = COOLTRAINER_F
Name = 克里斯滕
BeginSpeech = 克里斯滕
EndSpeechWin = 哈哈哈……一个小鬼……
EndSpeechLose = 毕竟只是个小孩子！
PokemonNos = 311,341,376,385,577,580,595,606,607
#-------------------------------
[Trainer]
Type = COOLTRAINER_F
Name = 塞尔菲
BeginSpeech = 塞尔菲
EndSpeechWin = 嗯？什么？
EndSpeechLose = 哦是的！有何不可？
PokemonNos = 38,67,101,112,115,355,456,458,486,525,552,554
#-------------------------------
[Trainer]
Type = COOLTRAINER_F
Name = 克洛伊
BeginSpeech = 克洛伊
EndSpeechWin = 来吧，我们现在就开战
EndSpeechLose = 再来！再战一场！
PokemonNos = 19,358,371,380,381,384
#-------------------------------
[Trainer]
Type = PSYCHIC_M
Name = 诺顿
BeginSpeech = 诺顿
EndSpeechWin = 我只认识你
EndSpeechLose = 抱歉，你太不堪一击了！
PokemonNos = 194,365,369,569,580,611
#-------------------------------
[Trainer]
Type = PSYCHIC_M
Name = 卢卡斯
BeginSpeech = 卢卡斯
EndSpeechWin = 我的玩笑很糟糕……
EndSpeechLose = 你的坚硬脑袋就是为了闪耀！
PokemonNos = 178,367,569,578,579,606,611
#-------------------------------
[Trainer]
Type = PSYCHIC_M
Name = 扎克
BeginSpeech = 扎克
EndSpeechWin = 我是模仿宝可梦的高手
EndSpeechLose = 我像小波克比一样开心！
PokemonNos = 199,560,576,577,596,606,607,612
#-------------------------------
[Trainer]
Type = PSYCHIC_F
Name = 凯特琳
BeginSpeech = 凯特琳
EndSpeechWin = 我用超能力粉碎一切
EndSpeechLose = 我的胜利会上新闻
PokemonNos = 18,363,577,578,580,588,609,615
#-------------------------------
[Trainer]
Type = PSYCHIC_F
Name = 布蕾安娜
BeginSpeech = 布蕾安娜
EndSpeechWin = 我的宝可梦会碾碎你！
EndSpeechLose = 再来点这个！
PokemonNos = 177,314,369,562,577,587,596,602,603,606
#-------------------------------
[Trainer]
Type = PSYCHIC_F
Name = 肯德拉
BeginSpeech = 肯德拉
EndSpeechWin = 如果你聪明，现在就停手
EndSpeechLose = 我说过你该停手
PokemonNos = 211,212,314,367,569,579,603,610,613
#-------------------------------
[Trainer]
Type = CHANNELER
Name = 莫莉
BeginSpeech = 莫莉
EndSpeechWin = 我的迷人之躯会吸引你吗？
EndSpeechLose = 你的宝可梦现在是我的玩具了
PokemonNos = 303,314,316,369,389,408,577,596,613
#-------------------------------
[Trainer]
Type = CHANNELER
Name = 贾兹敏
BeginSpeech = 贾兹敏
EndSpeechWin = 我预见到你会有糟糕的遭遇
EndSpeechLose = 我的预报没错吧？
PokemonNos = 300,303,315,316,367,385,562,563,576,587,610,613
#-------------------------------
[Trainer]
Type = CHANNELER
Name = 凯尔西
BeginSpeech = 凯尔西
EndSpeechWin = 我好几天没睡了……
EndSpeechLose = 我现在会睡得很香
PokemonNos = 18,271,367,454,579,580,606,612
#-------------------------------
[Trainer]
Type = POKEMANIAC
Name = 杰伦
BeginSpeech = 杰伦
EndSpeechWin = 我不允许宝可梦胡闹
EndSpeechLose = 哈哈哈！你生气了吗？
PokemonNos = 3,4,31,32,33,277
#-------------------------------
[Trainer]
Type = POKEMANIAC
Name = 格里芬
BeginSpeech = 格里芬
EndSpeechWin = 我吞下污泥来改变自己
EndSpeechLose = 我长出了一层溶化
PokemonNos = 3,4,31,260,275,277
#-------------------------------
[Trainer]
Type = POKEMANIAC
Name = 赞德
BeginSpeech = 赞德
EndSpeechWin = 我的宝可梦是租来的
EndSpeechLose = 我租来的宝可梦赢了，真不可思议
PokemonNos = 3,4,31,32,274,277
#-------------------------------
[Trainer]
Type = GENTLEMAN
Name = 马文
BeginSpeech = 马文
EndSpeechWin = 你准备好挑战了吗？
EndSpeechLose = 我觉得你还不够强
PokemonNos = 228,289,372,373,379,386,408,585,606
#-------------------------------
[Trainer]
Type = GENTLEMAN
Name = 布伦南
BeginSpeech = 布伦南
EndSpeechWin = 我想看看新闻
EndSpeechLose = 漫画会被毛毛雨弄潮？
PokemonNos = 33,68,109,365,369,455,483,522,525,570,571
#-------------------------------
[Trainer]
Type = BUGCATCHER
Name = 贝利
BeginSpeech = 贝利
EndSpeechWin = 刺耳声对我来说就像音乐！
EndSpeechLose = 我的刺耳声战术是最棒的
PokemonNos = 86,96,117,149,155,359,432,437,566,567,581,590,599,605
#-------------------------------
[Trainer]
Type = RUINMANIAC
Name = 扎卡里
BeginSpeech = 扎卡里
EndSpeechWin = 你能懂吗？
EndSpeechLose = 猛撞，摔个跟头，哟哟
PokemonNos = 97,98,99,124,261,275
#-------------------------------
[Trainer]
Type = SUPERNERD
Name = 加百列
BeginSpeech = 加百列
EndSpeechWin = 敲响我肚皮上的厚脂肪鼓
EndSpeechLose = 敲我的腹鼓，敲我的腹鼓
PokemonNos = 19,20,318,352,356,357
#-------------------------------
[Trainer]
Type = LADY
Name = 艾米丽
BeginSpeech = 艾米丽
EndSpeechWin = 来一点点催眠怎么样？
EndSpeechLose = 我的催眠战术完美奏效
PokemonNos = 3,4,31,32,366,591
#-------------------------------
[Trainer]
Type = BEAUTY
Name = 乔丁
BeginSpeech = 乔丁
EndSpeechWin = 你不知道我的秘密……
EndSpeechLose = 我并非表面看起来那样……
PokemonNos = 61,64,82,111,269,341,361,362,363,388,410,455,557,570,594
#-------------------------------
[Trainer]
Type = AROMALADY
Name = 索菲亚
BeginSpeech = 索菲亚
EndSpeechWin = 宝贝龙大概有甜甜的香味
EndSpeechLose = 我感受到的就是这样
PokemonNos = 0,1,2,17,316,343
#-------------------------------
[Trainer]
Type = COOLTRAINER_M
Name = 布雷登
BeginSpeech = 布雷登
EndSpeechWin = 就决定是你了！就是现在！
EndSpeechLose = 我对自己感觉很棒
PokemonNos = 17,18,97,261,315,340
#-------------------------------
[Trainer]
Type = COOLTRAINER_M
Name = 凯登
BeginSpeech = 凯登
EndSpeechWin = 他们把那套美食家的事做过头了……
EndSpeechLose = 美食家那套不适合我
PokemonNos = 3,4,31,32,33,34,35,36
#-------------------------------
[Trainer]
Type = COOLTRAINER_M
Name = 库珀
BeginSpeech = 库珀
EndSpeechWin = 这绝对该是轻而易举
EndSpeechLose = 那对我来说太刺激了……
PokemonNos = 19,20,321,350,351,380
#-------------------------------
[Trainer]
Type = COOLTRAINER_F
Name = 朱莉娅
BeginSpeech = 朱莉娅
EndSpeechWin = 光靠精神赢不了
EndSpeechLose = 你应该以宁静的气质接受它
PokemonNos = 17,18,97,207,261,263
#-------------------------------
[Trainer]
Type = COOLTRAINER_F
Name = 阿玛拉
BeginSpeech = 阿玛拉
EndSpeechWin = 嗷嗷嗷！！！我准备好了！！
EndSpeechLose = 一旦激动我就会忘乎所以
PokemonNos = 3,4,31,32,33,362
#-------------------------------
[Trainer]
Type = COOLTRAINER_F
Name = 琳
BeginSpeech = 琳
EndSpeechWin = 你的秘密藏不了一辈子
EndSpeechLose = 我现在知道你的秘密了！
PokemonNos = 19,20,21,22,373,381
#-------------------------------
[Trainer]
Type = POKEMONRANGER_M
Name = 乔万
BeginSpeech = 乔万
EndSpeechWin = 你的战斗感觉实在欠缺
EndSpeechLose = 我的战斗感觉超酷吧？
PokemonNos = 34,40,76,79,111,556,557
#-------------------------------
[Trainer]
Type = POKEMONRANGER_M
Name = 多米尼克
BeginSpeech = 多米尼克
EndSpeechWin = 我有这台超棒的相机
EndSpeechLose = 我的相机贵得吓人
PokemonNos = 3,63,64,67,113,359
#-------------------------------
[Trainer]
Type = POKEMONRANGER_M
Name = 尼古拉斯
BeginSpeech = 尼古拉斯
EndSpeechWin = 我每场对战后都模仿宝可梦
EndSpeechLose = 如果我赢了，我就假装自己是肯泰罗
PokemonNos = 80,100,102,111,114,359,361,483
#-------------------------------
[Trainer]
Type = POKEMONRANGER_F
Name = 瓦莱里娅
BeginSpeech = 瓦莱里娅
EndSpeechWin = 我希望你别瞪我
EndSpeechLose = 你很坏！说真的
PokemonNos = 35,81,103,112,203,363,482
#-------------------------------
[Trainer]
Type = POKEMONRANGER_F
Name = 德莱尼
BeginSpeech = 德莱尼
EndSpeechWin = 放学了，玩的时间到了
EndSpeechLose = 我男朋友是学校的
PokemonNos = 61,80,103,110,203,363,364,487
#-------------------------------
[Trainer]
Type = POKEMONRANGER_F
Name = 梅根
BeginSpeech = 梅根
EndSpeechWin = 放学了，玩的时间到了
EndSpeechLose = 我男朋友喜欢漫画
PokemonNos = 3,36,38,68,79,80,103,113,114,363,364,552,571
#-------------------------------
[Trainer]
Type = TAMER
Name = 罗伯托
BeginSpeech = 罗伯托
EndSpeechWin = 龙宝可梦是无敌的！
EndSpeechLose = 你不差，只是我更好
PokemonNos = 69,70,71,72,73,360
#-------------------------------
[Trainer]
Type = TAMER
Name = 达米安
BeginSpeech = 达米安
EndSpeechWin = 我纯粹的力量如同机械！
EndSpeechLose = 我的音速拳能击碎砖块
PokemonNos = 69,70,71,72,73,74,75,84
#-------------------------------
[Trainer]
Type = TAMER
Name = 布罗迪
BeginSpeech = 布罗迪
EndSpeechWin = 我的时尚品味看起来像走路草？
EndSpeechLose = 这是我家居的造型！
PokemonNos = 69,70,71,72,73,74,75,84
#-------------------------------
[Trainer]
Type = TAMER
Name = 格雷厄姆
BeginSpeech = 格雷厄姆
EndSpeechWin = 耶！耶
EndSpeechLose = 哇哈哈哈哇哈哈哈！哇哈哈哈哇哈哈哈！！
PokemonNos = 69,70,71,72,73,356
#-------------------------------
[Trainer]
Type = SUPERNERD
Name = 泰勒
BeginSpeech = 泰勒
EndSpeechWin = 感受到我的热风了吗？
EndSpeechLose = 是的，我火力全开！
PokemonNos = 3,4,31,32,212,362
#-------------------------------
[Trainer]
Type = PAINTER
Name = 杰伦
BeginSpeech = 杰伦
EndSpeechWin = 斗志？我？
EndSpeechLose = 我想要更多可爱的宝可梦
PokemonNos = 3,4,31,32,33,34,35,36
#-------------------------------
[Trainer]
Type = POKEMONRANGER_M
Name = 科德尔
BeginSpeech = 科德尔
EndSpeechWin = 战斗靠的是精神
EndSpeechLose = 你接受不了吗？
PokemonNos = 230,258,291,311,313,320,328,331,333,339,363,369,377,379
#-------------------------------
[Trainer]
Type = POKEMONBREEDER
Name = 贾兹琳
BeginSpeech = 贾兹琳
EndSpeechWin = 你的宝可梦图鉴真的很棒吗？
EndSpeechLose = 哦
PokemonNos = 3,217,238,356,358,365
#-------------------------------
[Trainer]
Type = YOUNGSTER
Name = 扎卡里
BeginSpeech = 扎卡里
EndSpeechWin = 我有自己的地盘，耶哈！
EndSpeechLose = 这对我来说是激动人心的时刻
PokemonNos = 17,18,97,209,262,315
#-------------------------------
[Trainer]
Type = YOUNGSTER
Name = 约翰
BeginSpeech = 约翰
EndSpeechWin = 冬天快到了
EndSpeechLose = 我的零花钱需要帮一把
PokemonNos = 17,18,177,178,179,315
#-------------------------------
[Trainer]
Type = LASS
Name = 谢伊
BeginSpeech = 谢伊
EndSpeechWin = 你要用美丽来战斗吗？
EndSpeechLose = 你的战斗方式很难看
PokemonNos = 17,18,97,98,207,316
#-------------------------------
[Trainer]
Type = LASS
Name = 凯拉
BeginSpeech = 凯拉
EndSpeechWin = 我现在觉得好渴……
EndSpeechLose = 我想来杯冷饮
PokemonNos = 17,18,97,217,276,277
#-------------------------------
[Trainer]
Type = YOUNGSTER
Name = 以赛亚
BeginSpeech = 以赛亚
EndSpeechWin = 我装作很爱学习
EndSpeechLose = 我骗妈妈要零花钱
PokemonNos = 3,4,31,32,33,363
#-------------------------------
[Trainer]
Type = YOUNGSTER
Name = 加勒特
BeginSpeech = 加勒特
EndSpeechWin = 我喜欢漫画和这个游戏
EndSpeechLose = 我也喜欢这个音乐偶像
PokemonNos = 3,4,31,32,33,211
#-------------------------------
[Trainer]
Type = LASS
Name = 海莉
BeginSpeech = 海莉
EndSpeechWin = 我担心得睡不着
EndSpeechLose = 胜利让我心情平静
PokemonNos = 3,4,31,32,33,34,35,36
#-------------------------------
[Trainer]
Type = LASS
Name = 梅根
BeginSpeech = 梅根
EndSpeechWin = 我相信芳香疗法浴
EndSpeechLose = 我想要健康清透的身体
PokemonNos = 3,4,31,32,33,34,35,36
#-------------------------------
[Trainer]
Type = SUPERNERD
Name = 艾萨克
BeginSpeech = 艾萨克
EndSpeechWin = 我的爱好？
EndSpeechLose = 我喜欢任何水上运动
PokemonNos = 19,20,21,290,322,354
#-------------------------------
[Trainer]
Type = SUPERNERD
Name = 昆顿
BeginSpeech = 昆顿
EndSpeechWin = 我很难过，因为我太弱了
EndSpeechLose = 你对我来说不算太强
PokemonNos = 19,20,311,319,351,380
#-------------------------------
[Trainer]
Type = LADY
Name = 萨尔玛
BeginSpeech = 萨尔玛
EndSpeechWin = 你活力满满！
EndSpeechLose = 我赢了，你活力满满地走吧
PokemonNos = 265,266,291,322,375,376
#-------------------------------
[Trainer]
Type = LADY
Name = 安斯利
BeginSpeech = 安斯利
EndSpeechWin = 我无聊了……为我跳舞吧
EndSpeechLose = 你又让我无聊了
PokemonNos = 19,20,21,22,312,350
#-------------------------------
[Trainer]
Type = BUGCATCHER
Name = 霍尔登
BeginSpeech = 霍尔登
EndSpeechWin = 让我们在对战中纪念我的酷
EndSpeechLose = 你太弱了，不值得任何称赞
PokemonNos = 3,4,31,32,33,362
#-------------------------------
[Trainer]
Type = BUGCATCHER
Name = 卢卡
BeginSpeech = 卢卡
EndSpeechWin = 我们会有一场酷炫的对战
EndSpeechLose = 我赢得漂亮
PokemonNos = 3,4,31,32,33,34,35,36
#-------------------------------
[Trainer]
Type = YOUNGSTER
Name = 贾米森
BeginSpeech = 贾米森
EndSpeechWin = 我的秘密力量对宝可梦来说势不可挡
EndSpeechLose = 你看到了吗？
PokemonNos = 161,162,182,202,270,300,367,385,386,389,510
#-------------------------------
[Trainer]
Type = YOUNGSTER
Name = 贡纳
BeginSpeech = 贡纳
EndSpeechWin = 我砍倒每一个对手
EndSpeechLose = 输了别怨我
PokemonNos = 11,88,166,182,197,269,299,300,385,389,452,507,609,610,612
#-------------------------------
[Trainer]
Type = TUBER_M
Name = 克雷格
BeginSpeech = 克雷格
EndSpeechWin = 我等不及我的火车了
EndSpeechLose = 我的火车还没到……
PokemonNos = 37,228,266,363,383,483
#-------------------------------
[Trainer]
Type = TUBER_M
Name = 皮尔斯
BeginSpeech = 皮尔斯
EndSpeechWin = 上周有热浪
EndSpeechLose = 我受不了热浪
PokemonNos = 3,34,40,77,110,364,366,377,383,524
#-------------------------------
[Trainer]
Type = TUBER_F
Name = 雷吉娜
BeginSpeech = 雷吉娜
EndSpeechWin = 我喜欢在水里玩
EndSpeechLose = 我拒绝出来
PokemonNos = 32,38,111,204,211,268,289,321,364,555
#-------------------------------
[Trainer]
Type = TUBER_F
Name = 艾莉森
BeginSpeech = 艾莉森
EndSpeechWin = 这本幼儿园杂志太过分了
EndSpeechLose = 怎么烦你的老师？
PokemonNos = 39,66,67,101,227,267,351,364,383,456,486
#-------------------------------
[Trainer]
Type = BUGCATCHER
Name = 汉克
BeginSpeech = 汉克
EndSpeechWin = 很快有虫系活动
EndSpeechLose = 这是一场虫系时装秀！
PokemonNos = 5,6,7,8,9,600
#-------------------------------
[Trainer]
Type = BUGCATCHER
Name = 厄尔
BeginSpeech = 厄尔
EndSpeechWin = 无敌的虫系训练家来了
EndSpeechLose = 无敌的虫系训练家就是我
PokemonNos = 215,566,581,598,600,601
#-------------------------------
[Trainer]
Type = FISHERMAN
Name = 拉米罗
BeginSpeech = 拉米罗
EndSpeechWin = 我上过钓鱼学校
EndSpeechLose = 说真的，我入选了钓鱼名人堂
PokemonNos = 19,20,266,318,352,354
#-------------------------------
[Trainer]
Type = FISHERMAN
Name = 亨特
BeginSpeech = 亨特
EndSpeechWin = 让我看看超酷的十字劈
EndSpeechLose = 你太弱了，使不出十字劈
PokemonNos = 19,20,318,322,353,378
#-------------------------------
[Trainer]
Type = RUINMANIAC
Name = 艾登
BeginSpeech = 艾登
EndSpeechWin = 工作让我变得健康
EndSpeechLose = 你看到了吗？我很健康！
PokemonNos = 97,207,219,220,222,262
#-------------------------------
[Trainer]
Type = RUINMANIAC
Name = 泽维尔
BeginSpeech = 泽维尔
EndSpeechWin = 嘿
EndSpeechLose = 再见，谢谢，真有趣
PokemonNos = 125,140,205,207,210,220,277,423,426
#-------------------------------
[Trainer]
Type = SUPERNERD
Name = 克林顿
BeginSpeech = 克林顿
EndSpeechWin = 想看我的催眠术吗？
EndSpeechLose = 你的乱抓就是你的力量，年轻训练家
PokemonNos = 3,4,208,220,274,276
#-------------------------------
[Trainer]
Type = SUPERNERD
Name = 杰西
BeginSpeech = 杰西
EndSpeechWin = 这场对战献给我母亲
EndSpeechLose = 妈妈会为我高兴的
PokemonNos = 220,275,316,358,359,365
#-------------------------------
[Trainer]
Type = ROCKER
Name = 爱德华多
BeginSpeech = 爱德华多
EndSpeechWin = 我们的音乐会响一整夜
EndSpeechLose = 夜晚是我玩得最好的时候
PokemonNos = 30,121,576,577,578,579
#-------------------------------
[Trainer]
Type = ROCKER
Name = 哈尔
BeginSpeech = 哈尔
EndSpeechWin = 我很时髦吧？
EndSpeechLose = 我感觉时髦又潮流，哦
PokemonNos = 30,121,122,123,174,578
#-------------------------------
[Trainer]
Type = BIRDKEEPER
Name = 盖奇
BeginSpeech = 盖奇
EndSpeechWin = 这就是飞行属性的隐藏招式
EndSpeechLose = 这是飞行属性的胜利！
PokemonNos = 75,91,106,119,148,149,152,153,154,355,356,359,360,434,437,488,586,589,590
#-------------------------------
[Trainer]
Type = BIRDKEEPER
Name = 阿诺德
BeginSpeech = 阿诺德
EndSpeechWin = 我因一个梦而感觉怪怪的
EndSpeechLose = 你可怕的脸出现在我的梦里
PokemonNos = 72,74,75,85,107,155,158,355,356,358,359,361,514
#-------------------------------
[Trainer]
Type = SAILOR
Name = 贾勒特
BeginSpeech = 贾勒特
EndSpeechWin = 来吧，就像昨天一样起舞吧
EndSpeechLose = 你喜欢我跳舞的样子吗？
PokemonNos = 19,265,353,370,374,381
#-------------------------------
[Trainer]
Type = SAILOR
Name = 加勒特
BeginSpeech = 加勒特
EndSpeechWin = 我女朋友给我一个甜蜜的吻
EndSpeechLose = 我女朋友是我的宝物
PokemonNos = 267,311,312,321,322,354
#-------------------------------
[Trainer]
Type = HIKER
Name = 伊曼纽尔
BeginSpeech = 伊曼纽尔
EndSpeechWin = 光靠聪明赢不了
EndSpeechLose = 我不太聪明但我赢了
PokemonNos = 97,98,99,260,275,309
#-------------------------------
[Trainer]
Type = HIKER
Name = 古斯塔沃
BeginSpeech = 古斯塔沃
EndSpeechWin = 冲锋！冲锋！！
EndSpeechLose = 认输？这么快？
PokemonNos = 97,98,99,207,210,305
#-------------------------------
[Trainer]
Type = ENGINEER
Name = 卡梅伦
BeginSpeech = 卡梅伦
EndSpeechWin = 接招！这是我的火焰绝技
EndSpeechLose = 我的火焰绝技让你吃惊了吗？
PokemonNos = 41,61,76,81,83,332,338,345,363,485,571
#-------------------------------
[Trainer]
Type = ENGINEER
Name = 阿尔弗雷多
BeginSpeech = 阿尔弗雷多
EndSpeechWin = 我是火一般的美食家！
EndSpeechLose = 这是一场美味的美食家胜利！
PokemonNos = 4,32,35,61,65,329,362,457,483,552
#-------------------------------
[Trainer]
Type = GENTLEMAN
Name = 鲁本
BeginSpeech = 鲁本
EndSpeechWin = 我迫不及待要出发
EndSpeechLose = 走吧！再见
PokemonNos = 259,268,291,313,314,315,316,325,326,351,374,376,379,382
#-------------------------------
[Trainer]
Type = GENTLEMAN
Name = 拉马尔
BeginSpeech = 拉马尔
EndSpeechWin = 给我的礼物？
EndSpeechLose = 嗯，这相当美味……
PokemonNos = 259,291,310,314,324,332,347,350,351,354,359,368
#-------------------------------
[Trainer]
Type = YOUNGSTER
Name = 杰克森
BeginSpeech = 杰克森
EndSpeechWin = 我想要硬壳盔甲
EndSpeechLose = 我父母不会接受
PokemonNos = 17,18,97,422,423,609
#-------------------------------
[Trainer]
Type = YOUNGSTER
Name = 洛根
BeginSpeech = 洛根
EndSpeechWin = 如果我输了，我就去学习
EndSpeechLose = 我学习？不太可能看到
PokemonNos = 17,18,97,98,99,615
#-------------------------------
[Trainer]
Type = LASS
Name = 艾米莉
BeginSpeech = 艾米莉
EndSpeechWin = 这种对战可以吗？
EndSpeechLose = 去来一场冰冻之风冲浪吧
PokemonNos = 17,18,97,98,99,452
#-------------------------------
[Trainer]
Type = LASS
Name = 乔西
BeginSpeech = 乔西
EndSpeechWin = 宝可梦时装大赛真美
EndSpeechLose = 我真的很喜欢时尚的东西
PokemonNos = 17,18,97,98,99,422
#-------------------------------
[Trainer]
Type = CAMPER
Name = 阿曼多
BeginSpeech = 阿曼多
EndSpeechWin = 我需要更多草属性宝可梦
EndSpeechLose = 请跟我交换一只草属性宝可梦
PokemonNos = 455,456,483,521,553,591
#-------------------------------
[Trainer]
Type = CAMPER
Name = 斯凯勒
BeginSpeech = 斯凯勒
EndSpeechWin = 扎根是我爱用的招式
EndSpeechLose = 你现在撼动不了我！
PokemonNos = 3,4,31,32,33,523
#-------------------------------
[Trainer]
Type = PICNICKER
Name = 露丝
BeginSpeech = 露丝
EndSpeechWin = 我想享受这场对战
EndSpeechLose = 那太轻松了！
PokemonNos = 3,4,31,32,521,552
#-------------------------------
[Trainer]
Type = PICNICKER
Name = 梅洛迪
BeginSpeech = 梅洛迪
EndSpeechWin = 我希望星期天是个晴天
EndSpeechLose = 星期天似乎遥遥无期……
PokemonNos = 3,4,31,32,33,571
#-------------------------------
[Trainer]
Type = SWIMMER_M
Name = 佩德罗
BeginSpeech = 佩德罗
EndSpeechWin = 悠游自如对你有好处
EndSpeechLose = 我就是这样击沉对手的
PokemonNos = 31,76,113,455,457,463,483,485,506,531,535,540,552,591
#-------------------------------
[Trainer]
Type = SWIMMER_M
Name = 埃里克
BeginSpeech = 埃里克
EndSpeechWin = 我会把你撞倒！
EndSpeechLose = 别跑，你这个输家！
PokemonNos = 34,80,109,111,212,362,363,428,448,485,524,536,541,556,572
#-------------------------------
[Trainer]
Type = SWIMMER_F
Name = 伊莱恩
BeginSpeech = 伊莱恩
EndSpeechWin = 我的女主角冒险不太顺利
EndSpeechLose = 谢谢！这正是我需要的
PokemonNos = 63,65,67,362,446,455,459,545,553,556
#-------------------------------
[Trainer]
Type = SWIMMER_F
Name = 乔伊斯
BeginSpeech = 乔伊斯
EndSpeechWin = 你让我哈哈大笑！
EndSpeechLose = 啦啦啦，我可不会输！
PokemonNos = 67,101,365,415,457,464,485,486,487,522,524,525,539,541,543,544,554,557
#-------------------------------
[Trainer]
Type = SUPERNERD
Name = 托德
BeginSpeech = 托德
EndSpeechWin = 你是我力量的避雷针
EndSpeechLose = 你只能吸收这么多吗？
PokemonNos = 77,80,100,455,456,482,522,524,525,553,556,570,591
#-------------------------------
[Trainer]
Type = SUPERNERD
Name = 加文
BeginSpeech = 加文
EndSpeechWin = 我会等待时机
EndSpeechLose = 这么快就结束了？
PokemonNos = 31,34,80,101,364,525,570,591,610
#-------------------------------
[Trainer]
Type = PAINTER
Name = 马洛里
BeginSpeech = 马洛里
EndSpeechWin = 答应让我看看可爱的宝可梦
EndSpeechLose = 咯咯……非常感谢
PokemonNos = 3,33,65,204,483,522,523,526,556,570,591
#-------------------------------
[Trainer]
Type = PAINTER
Name = 埃丝特
BeginSpeech = 埃丝特
EndSpeechWin = 我想要一份好礼物……
EndSpeechLose = 请给我买个宝可梦游戏
PokemonNos = 112,455,458,486,554,570,612
#-------------------------------
[Trainer]
Type = POKEMONRANGER_M
Name = 奥斯卡
BeginSpeech = 奥斯卡
EndSpeechWin = 让我看看你的全部力量
EndSpeechLose = 那还不是你的全部力量！
PokemonNos = 419,427,446,528,540,544
#-------------------------------
[Trainer]
Type = POKEMONRANGER_M
Name = 威尔逊
BeginSpeech = 威尔逊
EndSpeechWin = 工作让我变成早起的人
EndSpeechLose = 只工作不玩耍……
PokemonNos = 19,414,415,429,448,531
#-------------------------------
[Trainer]
Type = POKEMONBREEDER
Name = 克莱尔
BeginSpeech = 克莱尔
EndSpeechWin = 耶！一个强硬的训练家！
EndSpeechLose = 唉！一个胆小的训练家！
PokemonNos = 19,20,414,446,451,530
#-------------------------------
[Trainer]
Type = POKEMONBREEDER
Name = 苔丝
BeginSpeech = 苔丝
EndSpeechWin = 想要猎斑鱼图案的糖果吗？
EndSpeechLose = 它们是秘密的宝可梦美食
PokemonNos = 19,20,21,500,534,545
#-------------------------------
[Trainer]
Type = COOLTRAINER_M
Name = 里昂
BeginSpeech = 里昂
EndSpeechWin = 我比任何训练家都强
EndSpeechLose = 我高兴得跳了起来
PokemonNos = 11,34,67,81,83,88,100,115,123,135,142,162,164,165,194,198,204,209,270,310,313,316,323,346,348,366,380,386,388,389,408,410,411,414,415,420,426,427,448,450,454,456,474,475,478,481,483,486,492,494,496,499,509,516,517,520,535,541,570,593,604,613,614
#-------------------------------
[Trainer]
Type = COOLTRAINER_M
Name = 阿隆佐
BeginSpeech = 阿隆佐
EndSpeechWin = 我还一次都没输过！
EndSpeechLose = 你悲伤的样子很适合你
PokemonNos = 41,61,76,85,87,91,95,146,191,193,194,229,267,268,290,317,318,346,352,356,363,365,377,384,396,397,414,418,427,428,432,435,437,445,446,453,456,458,461,464,482,483,490,492,496,497,500,511,513,515,519,520,522,527,528,529,530,532,533,534,541,543,553,556,557,590,596,612
#-------------------------------
[Trainer]
Type = COOLTRAINER_M
Name = 文斯
BeginSpeech = 文斯
EndSpeechWin = 顶尖训练家就是我！
EndSpeechLose = 最高级别属于我！
PokemonNos = 32,37,39,61,62,64,65,69,77,78,84,86,87,88,107,109,110,114,119,120,168,183,194,197,199,203,297,304,315,355,360,361,369,408,435,437,453,454,456,457,458,487,488,490,507,511,515,526,553,556,557,571,586,606,610,611,612,613,615,617
#-------------------------------
[Trainer]
Type = COOLTRAINER_M
Name = 拜伦
BeginSpeech = 拜伦
EndSpeechWin = 我的投球会砸扁你！
EndSpeechLose = 你以为会少吗？
PokemonNos = 42,75,84,85,90,91,116,149,151,155,178,196,355,356,360,417,432,433,434,435,437,439,442,454,467,473,488,489,490,491,505,511,512,514,515,519,527,534,542,559,586,587,589,590,596,597,603,610
#-------------------------------
[Trainer]
Type = COOLTRAINER_F
Name = 艾娃
BeginSpeech = 艾娃
EndSpeechWin = 我是这个世界的宝物
EndSpeechLose = 我的世界充满惊奇
PokemonNos = 37,40,74,76,77,85,87,89,93,106,131,133,136,152,156,163,167,174,180,217,261,262,263,264,273,389,413,420,421,434,452,455,457,471,476,477,480,484,491,509,514,527,553,562,570,582,586,588,589,590,592,606,612
#-------------------------------
[Trainer]
Type = COOLTRAINER_F
Name = 米丽亚姆
BeginSpeech = 米丽亚姆
EndSpeechWin = 哦，一个脸很可怕的训练家
EndSpeechLose = 啊哈哈，你只是看起来可怕！
PokemonNos = 2,18,30,35,39,68,76,77,81,83,99,121,171,172,190,196,203,209,262,315,325,328,330,342,394,395,404,422,457,458,471,479,480,484,487,495,523,571,588,591,612
#-------------------------------
[Trainer]
Type = COOLTRAINER_F
Name = 卡丽
BeginSpeech = 卡丽
EndSpeechWin = 我会让你见识毅力！
EndSpeechLose = 全靠毅力！
PokemonNos = 17,33,61,67,100,103,106,108,111,113,116,148,177,178,179,196,197,198,200,203,212,271,296,309,315,316,340,361,363,364,368,408,432,436,452,453,454,455,458,465,484,489,491,510,511,513,514,522,525,527,553,570,586,589,596,606,609,610,611,612,613,615,616,617
#-------------------------------
[Trainer]
Type = COOLTRAINER_F
Name = 吉莉安
BeginSpeech = 吉莉安
EndSpeechWin = 我追求真正精彩的对战
EndSpeechLose = 我需要一场好得多的对战……
PokemonNos = 42,46,71,72,73,75,84,96,104,105,150,155,179,195,355,356,358,359,415,418,427,433,435,436,437,438,441,452,463,464,479,489,490,492,495,511,512,513,515,520,527,569,573,586,589,596,606
#-------------------------------
[Trainer]
Type = POKEMONRANGER_M
Name = 泰勒
BeginSpeech = 泰勒
EndSpeechWin = 哟！走吧！！
EndSpeechLose = 哟！我赢了，哟
PokemonNos = 41,66,91,106,120,125,126,128,148,153,179,260,358,366,420,427,429,447,458,471,472,477,481,482,489,500,517,541,552,553,554,588,591,611
#-------------------------------
[Trainer]
Type = POKEMONRANGER_M
Name = 查兹
BeginSpeech = 查兹
EndSpeechWin = 我的宝可梦力量过剩
EndSpeechLose = 它们现在力量更强了！
PokemonNos = 38,69,86,89,91,101,115,124,130,204,209,221,263,316,413,417,418,433,452,453,474,478,482,483,488,490,492,510,513,514,519,522,524,530,539,545,552,586,587,590,609,610,611
#-------------------------------
[Trainer]
Type = POKEMONRANGER_M
Name = 纳尔逊
BeginSpeech = 纳尔逊
EndSpeechWin = 嗯
EndSpeechLose = 我看出来了，它太强了
PokemonNos = 46,72,74,75,86,93,95,104,107,148,198,340,357,432,433,434,435,436,437,446,453,466,470,475,479,488,489,490,491,495,500,511,512,514,515,516,569,587,589,590,596,603,609
#-------------------------------
[Trainer]
Type = POKEMONRANGER_F
Name = 沙妮亚
BeginSpeech = 沙妮亚
EndSpeechWin = 我所有的宝可梦都超级喜欢我
EndSpeechLose = 幸福就是拥有迷人之躯的宝可梦
PokemonNos = 3,63,79,84,93,120,137,151,153,197,198,206,355,357,365,422,427,428,435,452,464,474,483,487,499,518,521,522,532,541,557,589,590,607,609
#-------------------------------
[Trainer]
Type = POKEMONRANGER_F
Name = 斯特拉
BeginSpeech = 斯特拉
EndSpeechWin = 我想看看你的宝可梦
EndSpeechLose = 它们不是很无聊吗？啊哈哈
PokemonNos = 17,41,66,87,95,115,124,131,136,197,203,217,412,413,419,420,454,479,481,484,488,491,498,508,512,517,529,535,543,555,556,571,584,586,591,606,609
#-------------------------------
[Trainer]
Type = POKEMONRANGER_F
Name = 多琳
BeginSpeech = 多琳
EndSpeechWin = 我年轻又强壮！
EndSpeechLose = 看吧？我不错吧？
PokemonNos = 17,91,93,94,106,117,148,152,154,155,156,195,197,361,368,417,434,435,436,437,441,449,460,465,467,478,490,491,496,499,511,512,513,527,532,538,542,545,572,573,575,586,587,589,590,596,606,609
#-------------------------------
[Trainer]
Type = TAMER
Name = 马多克斯
BeginSpeech = 马多克斯
EndSpeechWin = 龙宝可梦是我的首选
EndSpeechLose = 龙宝可梦赢了，这已不是秘密
PokemonNos = 70,72,73,84,85,90,91,93,96,117,119,127,134,151,153,154,178,179,218,225,315,356,359,423,424,425,426,432,433,434,435,437,489,490,491,514,574,587,590,596,606,611,613,615
#-------------------------------
[Trainer]
Type = TAMER
Name = 达文
BeginSpeech = 达文
EndSpeechWin = 让我听听你的咆哮！
EndSpeechLose = 嗷嗷嗷！胜利！！
PokemonNos = 17,18,71,74,85,86,89,90,91,93,104,105,106,148,152,153,158,177,223,263,314,315,358,360,421,422,423,425,432,433,434,435,436,452,454,466,467,488,489,491,513,515,559,586,587,590,606,609,610
#-------------------------------
[Trainer]
Type = TAMER
Name = 特雷文
BeginSpeech = 特雷文
EndSpeechWin = 我只和龙宝可梦一起生活
EndSpeechLose = 我的活法很完美
PokemonNos = 43,46,73,74,75,87,105,107,116,117,120,130,138,154,155,156,158,177,197,210,264,281,283,287,314,358,360,361,369,422,432,433,434,436,437,453,454,465,488,490,491,512,515,527,586,587,589,590,596,606,610,611,615,617
#-------------------------------
[Trainer]
Type = BLACKBELT
Name = 马特奥
BeginSpeech = 马特奥
EndSpeechWin = 这应该很快就会结束
EndSpeechLose = 那没费多少力气
PokemonNos = 223,224,225,226,304,575
#-------------------------------
[Trainer]
Type = BLACKBELT
Name = 布雷特
BeginSpeech = 布雷特
EndSpeechWin = 我最喜欢坚如磐石的宝可梦
EndSpeechLose = 强硬才是正道
PokemonNos = 258,307,327,332,333,334,335,336,337,347,348,349,492,493,494,516,518,519,520
#-------------------------------
[Trainer]
Type = BLACKBELT
Name = 劳尔
BeginSpeech = 劳尔
EndSpeechWin = 我拒绝每一个弱小的训练家
EndSpeechLose = 哼！又是一个弱小的训练家……
PokemonNos = 307,308,315,452,564,611,613,617
#-------------------------------
[Trainer]
Type = CRUSHGIRL
Name = 凯
BeginSpeech = 凯
EndSpeechWin = 又要来一场对战？
EndSpeechLose = 我赢了但我累了……
PokemonNos = 124,125,129,134,135,137,140,217,220,222,261,275,305,308,422,423,425,426
#-------------------------------
[Trainer]
Type = CRUSHGIRL
Name = 埃琳娜
BeginSpeech = 埃琳娜
EndSpeechWin = 战斗少女就是我！
EndSpeechLose = 战斗少女很棒吧？
PokemonNos = 258,305,326,327,332,333,336,348,349,492,493,495,496,516,518,520
#-------------------------------
[Trainer]
Type = CRUSHGIRL
Name = 阿兰娜
BeginSpeech = 阿兰娜
EndSpeechWin = 吃下我无敌的一击吧！
EndSpeechLose = 你还有很多要学
PokemonNos = 196,304,309,442,444,453,454,616
#-------------------------------
[Trainer]
Type = COOLTRAINER_M
Name = 亚历克斯
BeginSpeech = 亚历克斯
EndSpeechWin = 很高兴见到你，年轻训练家！
EndSpeechLose = 哇哈哈哈！放弃吧
PokemonNos = 4,17,39,63,71,72,79,89,93,94,109,124,130,133,156,210,219,223,305,306,307,308,309,356,357,358,364,421,425,432,434,437,438,466,469,485,487,489,490,512,513,523,558,559,570,575,586,589,609,617
#-------------------------------
[Trainer]
Type = COOLTRAINER_M
Name = 韦斯顿
BeginSpeech = 韦斯顿
EndSpeechWin = 我不会掉以轻心，好吗？
EndSpeechLose = 你太容易被攻击了
PokemonNos = 18,45,167,179,195,196,197,199,316,440,452,453,454,465,469,509,609,610,611,613,615,617
#-------------------------------
[Trainer]
Type = COOLTRAINER_M
Name = 贾斯珀
BeginSpeech = 贾斯珀
EndSpeechWin = 我不老，我是技术高超！
EndSpeechLose = 技术高超，我就是！
PokemonNos = 0,32,35,41,44,50,63,64,65,77,80,81,109,110,114,144,145,194,197,203,204,211,224,296,314,351,362,363,373,376,395,427,430,444,446,450,454,457,483,484,486,497,499,500,506,525,529,538,544,552,554,557,571,610,616
#-------------------------------
[Trainer]
Type = COOLTRAINER_F
Name = 娜迪亚
BeginSpeech = 娜迪亚
EndSpeechWin = 你打不倒我！
EndSpeechLose = 哈！我打败你了
PokemonNos = 61,70,75,83,86,90,93,103,104,106,119,130,132,135,152,154,155,156,194,195,203,206,223,306,356,432,434,435,436,439,483,487,488,489,490,491,511,512,513,524,526,527,553,555,564,586,587,590,596,606,610,613,617
#-------------------------------
[Trainer]
Type = COOLTRAINER_F
Name = 米兰达
BeginSpeech = 米兰达
EndSpeechWin = 好了好了，开始吧
EndSpeechLose = 什么？这么快就结束了？
PokemonNos = 43,161,166,181,195,197,299,314,315,316,340,368,369,390,412,441,452,453,454,508,593,609,610,611,612,613,615,616,617
#-------------------------------
[Trainer]
Type = COOLTRAINER_F
Name = 艾玛
BeginSpeech = 艾玛
EndSpeechWin = 我一直听说你的事
EndSpeechLose = 我想我听错了
PokemonNos = 21,22,27,47,52,65,75,80,100,115,153,170,171,189,195,212,231,233,234,237,267,310,315,365,398,399,404,429,430,438,442,443,445,446,449,456,458,462,463,482,485,486,487,488,499,500,522,523,526,528,531,535,538,540,543,555,556,559,564,586,604,611,612,613,615
#-------------------------------
[Trainer]
Type = PSYCHIC_M
Name = 罗兰多
BeginSpeech = 罗兰多
EndSpeechWin = 我是超级宝可梦英雄！
EndSpeechLose = 那对你来说够了吗？
PokemonNos = 18,69,118,151,152,178,194,196,197,314,316,340,367,369,432,434,435,437,452,453,454,491,514,515,587,590,609,610,611,612,613,615,616,617
#-------------------------------
[Trainer]
Type = PSYCHIC_M
Name = 斯坦利
BeginSpeech = 斯坦利
EndSpeechWin = 这应该是场轻松的比赛
EndSpeechLose = 真的很轻松
PokemonNos = 17,194,196,197,198,199,314,315,340,367,368,429,452,453,454,495,540,582,584,609,610,611,612,613,615,616,617
#-------------------------------
[Trainer]
Type = PSYCHIC_M
Name = 达里奥
BeginSpeech = 达里奥
EndSpeechWin = 我的预知说我必胜
EndSpeechLose = 我的预知一直很准
PokemonNos = 17,18,177,179,194,197,198,199,314,316,369,443,452,453,454,609,610,611,612,613,615,616,617
#-------------------------------
[Trainer]
Type = PSYCHIC_F
Name = 卡莉
BeginSpeech = 卡莉
EndSpeechWin = 这会带来好结果
EndSpeechLose = 你看到了吗？太棒了！
PokemonNos = 17,18,71,72,95,105,107,157,177,179,194,195,199,315,340,357,361,368,433,436,452,453,454,489,491,512,513,514,527,587,590,596,606,609,610,611,612,613,615,616,617
#-------------------------------
[Trainer]
Type = PSYCHIC_F
Name = 杰林
BeginSpeech = 杰林
EndSpeechWin = 每个训练家都太弱了……
EndSpeechLose = 那场对战让我打哈欠
PokemonNos = 17,178,179,194,195,198,316,340,367,427,452,453,454,474,480,519,534,543,609,610,611,612,613,615,616,617
#-------------------------------
[Trainer]
Type = PSYCHIC_F
Name = 英格丽德
BeginSpeech = 英格丽德
EndSpeechWin = 我不是个很坏的训练家
EndSpeechLose = 那不是一场精彩的比赛吗？
PokemonNos = 17,178,194,198,314,316,367,368,440,441,452,453,454,573,575,609,610,611,612,613,615,616,617
#-------------------------------
[Trainer]
Type = CHANNELER
Name = 黛利拉
BeginSpeech = 黛利拉
EndSpeechWin = 如果我赢了别怨我，好吗？
EndSpeechLose = 看到你生气我很抱歉
PokemonNos = 43,44,46,162,412,583,593,594
#-------------------------------
[Trainer]
Type = CHANNELER
Name = 卡莉
BeginSpeech = 卡莉
EndSpeechWin = 我会撒些毒粉
EndSpeechLose = 我的战术奏效得可怕
PokemonNos = 136,137,202,256,273,302,341,388,389,411,412,413,423,426,508,509,577,593,608,614
#-------------------------------
[Trainer]
Type = CHANNELER
Name = 莱克西
BeginSpeech = 莱克西
EndSpeechWin = 想看可怕的宝可梦吗？
EndSpeechLose = 那不可怕吗，嗯？
PokemonNos = 10,11,99,127,129,160,164,165,166,180,183,207,222,263,272,299,300,301,302,303,388,389,390,409,412,413,421,423,425,507,508,510,593,594,614
#-------------------------------
[Trainer]
Type = POKEMANIAC
Name = 米勒
BeginSpeech = 米勒
EndSpeechWin = 喂？喂？！
EndSpeechLose = 妈妈你好！我赢了！
PokemonNos = 3,20,21,31,36,45,66,69,94,98,101,102,104,115,134,136,142,144,156,203,219,221,222,260,310,313,323,361,363,373,374,379,417,423,424,433,434,435,437,445,451,456,457,458,459,461,462,485,488,489,490,491,498,511,513,514,521,522,526,529,532,533,534,537,555,556,557,571,584,586,587,590,591
#-------------------------------
[Trainer]
Type = POKEMANIAC
Name = 马夫
BeginSpeech = 马夫
EndSpeechWin = 你现在可以丢掉你的自负了
EndSpeechLose = 没有自负留下来了，嗯？
PokemonNos = 21,33,64,71,82,91,100,109,112,127,137,152,157,212,220,222,267,358,359,363,424,425,433,436,437,446,449,450,462,468,483,484,487,488,489,513,521,524,525,532,543,555,557,572,587,589,604
#-------------------------------
[Trainer]
Type = POKEMANIAC
Name = 莱顿
BeginSpeech = 莱顿
EndSpeechWin = 我知道我超酷！
EndSpeechLose = 你可以仰慕我
PokemonNos = 32,35,37,61,63,68,69,71,84,87,91,92,103,104,105,115,118,125,134,148,150,154,158,195,206,210,220,262,297,298,355,356,357,360,426,433,434,435,436,437,454,458,485,487,488,489,490,511,514,515,521,522,523,524,525,526,527,555,556,570,586,589,590,596,606,609,615
#-------------------------------
[Trainer]
Type = GENTLEMAN
Name = 布鲁克斯
BeginSpeech = 布鲁克斯
EndSpeechWin = 这是一场高水平对战
EndSpeechLose = 那既高水平又刺激
PokemonNos = 37,38,66,83,85,91,107,112,124,133,134,138,140,197,198,314,358,414,419,420,421,428,433,453,509,519,528,529,555,571,587,588,607,612,613
#-------------------------------
[Trainer]
Type = GENTLEMAN
Name = 格雷戈里
BeginSpeech = 格雷戈里
EndSpeechWin = 我还没那么老
EndSpeechLose = 谁说我太老了？
PokemonNos = 4,17,18,39,64,65,71,75,79,84,86,89,103,105,109,116,117,118,119,177,197,199,202,316,387,409,432,434,435,436,452,454,455,456,457,482,486,487,488,490,491,514,521,524,552,556,586,587,590,591,609,611,613,615
#-------------------------------
[Trainer]
Type = GENTLEMAN
Name = 里斯
BeginSpeech = 里斯
EndSpeechWin = 我有几件事
EndSpeechLose = 别节食，去运动吧
PokemonNos = 17,71,74,89,91,93,105,116,117,118,119,120,149,150,153,154,155,195,357,358,434,435,436,437,452,454,467,488,490,499,511,512,515,516,519,527,532,584,586,589,590,609,612
#-------------------------------
[Trainer]
Type = POKEMONRANGER_M
Name = 梅森
BeginSpeech = 梅森
EndSpeechWin = 请别把它搞得很可怕
EndSpeechLose = 谢谢……我现在很开心
PokemonNos = 17,70,75,82,84,115,131,135,137,157,212,219,221,416,418,433,437,453,455,491,507,524,541,555,556,587,589,590,596,616
#-------------------------------
[Trainer]
Type = POKEMONRANGER_M
Name = 托比
BeginSpeech = 托比
EndSpeechWin = 听好了，我总是赢
EndSpeechLose = 我是天才吧？
PokemonNos = 18,61,74,79,92,99,150,219,355,422,429,433,455,463,477,480,481,485,486,499,500,521,525,528,535,539,556,613,615
#-------------------------------
[Trainer]
Type = POKEMONRANGER_F
Name = 多萝西
BeginSpeech = 多萝西
EndSpeechWin = 体育界应该接纳宝可梦
EndSpeechLose = 谢谢！那场胜利真清爽
PokemonNos = 35,40,80,81,135,179,197,198,219,274,369,416,433,447,449,450,453,458,461,473,474,479,483,485,511,528,538,587,590,594,603,606,609,612,613,616,617
#-------------------------------
[Trainer]
Type = POKEMONRANGER_F
Name = 派珀
BeginSpeech = 派珀
EndSpeechWin = 来吧，你需要加速吗？
EndSpeechLose = 你需要展现更多毅力
PokemonNos = 18,33,64,71,74,91,96,109,111,120,138,179,209,212,277,360,413,415,422,436,446,464,473,486,487,489,498,516,518,522,523,527,533,542,553,571,589,611,616
#-------------------------------
[Trainer]
Type = SWIMMER_M
Name = 芬恩
BeginSpeech = 芬恩
EndSpeechWin = 不要再来一场训练家对战了……
EndSpeechLose = 这永远不会结束吗？
PokemonNos = 17,20,26,142,179,197,229,291,296,297,298,316,322,323,350,352,354,368,369,370,371,378,415,427,428,430,445,452,453,498,499,505,530,532,533,537,538,541,542,543,544,545,584,604,609,610,612,616,617
#-------------------------------
[Trainer]
Type = SWIMMER_M
Name = 萨米尔
BeginSpeech = 萨米尔
EndSpeechWin = 我潜入浪花之下！
EndSpeechLose = 呀吼，你摔个跟头吧！
PokemonNos = 29,142,143,144,145,147,229,308,313,322,340,350,353,368,370,381,414,417,418,419,421,431,447,449,450,452,453,454,463,497,499,500,506,528,532,536,537,539,540,541,542,543,584,604,610,616
#-------------------------------
[Trainer]
Type = SWIMMER_F
Name = 菲奥娜
BeginSpeech = 菲奥娜
EndSpeechWin = 你之前做柔软运动了吗？
EndSpeechLose = 你需要准备得更充分
PokemonNos = 21,28,29,141,142,178,194,195,230,265,268,289,298,306,308,312,313,314,317,321,340,351,367,369,373,380,382,415,419,427,429,431,445,446,449,451,453,461,464,529,530,534,540,543,544,572,610,615,616
#-------------------------------
[Trainer]
Type = SWIMMER_F
Name = 格洛丽亚
BeginSpeech = 格洛丽亚
EndSpeechWin = 我喜欢用吸盘来攻击
EndSpeechLose = 咯咯……你完了
PokemonNos = 17,19,20,21,26,29,177,230,268,289,290,304,309,370,373,380,418,419,431,447,449,454,460,498,499,505,506,531,533,535,536,539,541,542,543,610,613,616
#-------------------------------
[Trainer]
Type = BIKER
Name = 尼科
BeginSpeech = 尼科
EndSpeechWin = 我像音爆一样来了
EndSpeechLose = 抱歉让你这么沮丧
PokemonNos = 37,63,69,76,80,86,87,92,94,95,101,102,116,117,136,139,153,178,208,221,260,357,426,431,433,436,451,452,461,484,486,493,510,524,527,570,589,591,606,607,609,610,614
#-------------------------------
[Trainer]
Type = BIKER
Name = 杰里米
BeginSpeech = 杰里米
EndSpeechWin = 成为宝可梦大师是我的梦想
EndSpeechLose = 我的梦想不远了！
PokemonNos = 65,79,84,107,113,114,120,152,158,195,209,260,274,363,369,417,428,456,459,474,477,482,485,498,516,521,525,533,571,590,610,613,617
#-------------------------------
[Trainer]
Type = PAINTER
Name = 凯特琳
BeginSpeech = 凯特琳
EndSpeechWin = 你不觉得我很可爱吗？
EndSpeechLose = 我可不只是可爱
PokemonNos = 102,111,112,113,117,120,135,204,222,262,314,363,422,425,432,433,434,435,437,447,454,475,477,487,492,494,507,511,516,519,522,536,541,542,544,545,555,557,572,586,591,610,612,613,616
#-------------------------------
[Trainer]
Type = PAINTER
Name = 丽娜
BeginSpeech = 丽娜
EndSpeechWin = 我总是开心开心开心！
EndSpeechLose = 哦耶！为我欢呼
PokemonNos = 18,31,34,76,100,106,138,177,178,209,210,212,432,437,446,452,472,485,488,490,491,494,497,514,532,534,535,554,569,571,590,597,606,609,611,612,613,616
#-------------------------------
[Trainer]
Type = BUGCATCHER
Name = 艾弗里
BeginSpeech = 艾弗里
EndSpeechWin = 我有很多虫宝可梦
EndSpeechLose = 我的虫宝可梦全都难以置信
PokemonNos = 5,6,7,8,9,12
#-------------------------------
[Trainer]
Type = BUGCATCHER
Name = 利亚姆
BeginSpeech = 利亚姆
EndSpeechWin = 我们真的很讨厌火和飞行
EndSpeechLose = 虫宝可梦也不错吧？
PokemonNos = 5,440,444,503,551,564
#-------------------------------
[Trainer]
Type = FISHERMAN
Name = 西奥
BeginSpeech = 西奥
EndSpeechWin = 钓鱼是我人生的选择
EndSpeechLose = 水属性宝可梦对我有无限的吸引力
PokemonNos = 19,22,27,197,228,229,340,377,414,430,451,460,506,539,540,544,611
#-------------------------------
[Trainer]
Type = FISHERMAN
Name = 贝莉
BeginSpeech = 贝莉
EndSpeechWin = 我是大人，战斗很轻松
EndSpeechLose = 我是大人，我会咽下喜悦
PokemonNos = 23,144,196,267,316,317,373,374,380,429,459,460,497,532,540,597,609
#-------------------------------
[Trainer]
Type = RUINMANIAC
Name = 雨果
BeginSpeech = 雨果
EndSpeechWin = 我尽力而为
EndSpeechLose = 只要足够努力我就能赢
PokemonNos = 132,156,209,220,359,367,426,435,436,443,453,513,558,590,596,612,613,615
#-------------------------------
[Trainer]
Type = RUINMANIAC
Name = 布莱斯
BeginSpeech = 布莱斯
EndSpeechWin = 我昨天才刚休假回来
EndSpeechLose = 我还没失去我的技艺
PokemonNos = 71,98,125,132,157,196,221,226,359,420,434,437,438,452,454,512,514,574,575,586,606,613,616
#-------------------------------
[Trainer]
Type = SUPERNERD
Name = 吉迪恩
BeginSpeech = 吉迪恩
EndSpeechWin = 怎么了？你觉得我很可怕？
EndSpeechLose = 我很酷但不可怕！
PokemonNos = 23,146,147,173,185,190,236,267,391,404,407,416,418,428,462,500,531,535,536,537,538,539
#-------------------------------
[Trainer]
Type = SUPERNERD
Name = 特里斯顿
BeginSpeech = 特里斯顿
EndSpeechWin = 我宁愿看着宝可梦
EndSpeechLose = 嗯？你是说我赢了？！
PokemonNos = 19,56,229,237,291,311,312,351,352,370,380,384,395,399,400,451,461,499,538,539
#-------------------------------
[Trainer]
Type = ROCKER
Name = 查尔斯
BeginSpeech = 查尔斯
EndSpeechWin = 和我挣扎是没用的
EndSpeechLose = 认输是你唯一的选择
PokemonNos = 69,87,96,120,121,122,153,157,240,242,357,360,432,433,437,472,473,475,476,477,478,480,481,488,514,582,586,587,588,603,607
#-------------------------------
[Trainer]
Type = ROCKER
Name = 雷蒙德
BeginSpeech = 雷蒙德
EndSpeechWin = 想听我的歌吗？
EndSpeechLose = 满足，我就是！
PokemonNos = 199,369,454,470,479,480,569,602,607,612,615,616
#-------------------------------
[Trainer]
Type = BIRDKEEPER
Name = 德克
BeginSpeech = 德克
EndSpeechWin = 飞行宝可梦高人一等
EndSpeechLose = 你赢不了！飞行宝可梦称霸
PokemonNos = 73,74,84,85,87,92,93,94,95,116,119,120,152,153,157,355,356,357,358,359,361,432,433,434,435,436,437,488,489,490,491,511,512,513,514,515,527,586,587,589,590,596,606
#-------------------------------
[Trainer]
Type = BIRDKEEPER
Name = 哈罗德
BeginSpeech = 哈罗德
EndSpeechWin = 我的宝可梦吸引你吗？
EndSpeechLose = 你确实喜欢我的宝可梦？
PokemonNos = 69,70,73,74,84,85,89,90,91,93,95,96,104,105,106,117,118,149,150,152,154,156,157,158,355,356,357,358,359,360,361,432,433,434,435,436,437,488,489,490,491,511,512,513,514,515,527,586,587,589,590,596,606
#-------------------------------
[Trainer]
Type = SAILOR
Name = 奥马尔
BeginSpeech = 奥马尔
EndSpeechWin = 让我赢，作为回报给你一份礼物
EndSpeechLose = 给你一些有毒的糖果
PokemonNos = 23,28,97,135,140,142,210,228,266,268,275,306,307,322,350,351,352,353,373,376,380,414,415,416,418,420,421,424,426,428,429,445,447,448,449,451,459,460,463,497,500,505,530,531,532,533,534,536,538,541,545,604,613,615
#-------------------------------
[Trainer]
Type = SAILOR
Name = 彼得
BeginSpeech = 彼得
EndSpeechWin = 我要炫耀我的幸福，可以吗？
EndSpeechLose = 你得听我吹嘘
PokemonNos = 20,22,27,135,143,197,228,264,265,268,277,289,307,310,311,317,322,352,353,354,380,382,415,416,417,418,422,427,428,445,448,449,450,451,459,460,461,462,463,464,499,500,505,528,529,530,531,532,533,534,537,538,540,541,542,544,545,584,597,613,617
#-------------------------------
[Trainer]
Type = HIKER
Name = 德夫
BeginSpeech = 德夫
EndSpeechWin = 来吧，我们快点开始
EndSpeechLose = 那之后我该小睡一下
PokemonNos = 46,98,99,125,129,131,132,135,136,140,206,217,221,222,263,276,340,367,420,421,423,424,426,452,465,466,558,573,574,609,610,611,613,615,616
#-------------------------------
[Trainer]
Type = HIKER
Name = 科里
BeginSpeech = 科里
EndSpeechWin = 让你见识我有多强
EndSpeechLose = 看我使出一记劈瓦
PokemonNos = 97,99,124,137,138,139,197,206,209,217,260,263,275,276,420,421,422,425,453,454,466,609,610,613,615
#-------------------------------
[Trainer]
Type = ENGINEER
Name = 安德烈
BeginSpeech = 安德烈
EndSpeechWin = 这才是完美的火焰之躯
EndSpeechLose = 看看我的火焰之舞！
PokemonNos = 87,120,155,201,246,302,325,327,333,337,341,344,385,434,436,437,489,491,492,493,494,495,496,508,510,512,514,516,517,518,561,577,586,594,596,608
#-------------------------------
[Trainer]
Type = ENGINEER
Name = 费里斯
BeginSpeech = 费里斯
EndSpeechWin = 我在老年组是第一
EndSpeechLose = 第一，我就是！
PokemonNos = 72,73,87,105,107,118,163,247,299,300,325,326,330,335,347,413,432,433,437,492,493,508,511,513,515,516,520,576,579,583,589,594,608
#-------------------------------
[Trainer]
Type = LADY
Name = 阿莉维亚
BeginSpeech = 阿莉维亚
EndSpeechWin = 我感到飘飘然的，你也该如此
EndSpeechLose = 总体来说太轻松了
PokemonNos = 0,1,2,30,474,518
#-------------------------------
[Trainer]
Type = LADY
Name = 佩奇
BeginSpeech = 佩奇
EndSpeechWin = 让我们一起享受对战
EndSpeechLose = 就是这样！非常感谢
PokemonNos = 0,1,472,473,495,496
#-------------------------------
[Trainer]
Type = BEAUTY
Name = 安雅
BeginSpeech = 安雅
EndSpeechWin = 我不喜欢那种过分漂亮的时尚
EndSpeechLose = 时尚应该与本人相配
PokemonNos = 3,4,31,32,33,34,35,36
#-------------------------------
[Trainer]
Type = BEAUTY
Name = 道恩
BeginSpeech = 道恩
EndSpeechWin = 我全力以赴！
EndSpeechLose = 别像个婴儿！
PokemonNos = 17,18,30,121,474,478
#-------------------------------
[Trainer]
Type = AROMALADY
Name = 艾比
BeginSpeech = 艾比
EndSpeechWin = 我喜欢清爽的训练家
EndSpeechLose = 胜利有甜甜的香气！
PokemonNos = 51,55,163,169,171,177,181,193,195,196,197,198,231,235,269,270,301,315,340,341,369,394,399,400,401,405,411,432,452,453,454,466,509,594,609,610,611,612,613,615,616,617
#-------------------------------
[Trainer]
Type = AROMALADY
Name = 格蕾特
BeginSpeech = 格蕾特
EndSpeechWin = 作为训练家我引发众怒
EndSpeechLose = 这是理所当然的，拜拜！
PokemonNos = 0,48,53,159,177,187,193,194,197,236,270,271,273,301,314,368,369,390,401,403,407,452,453,454,466,488,507,527,596,606,609,610,611,612,613,615,616,617
